0 0 0 0 0 0 37 0 21 0 0 
1 0 0 0 0 0 40 0 23 0 0 
2 0 0 0 0 0 43 0 25 0 0 
3 0 0 0 0 0 46 0 27 0 0 
4 0 0 0 0 0 49 0 29 0 0 
5 0 0 0 0 0 52 0 31 0 0 
6 0 0 0 0 0 55 0 33 0 0 
7 0 0 0 0 0 58 0 35 0 0 
8 0 0 0 0 0 61 0 37 0 0 
9 0 0 0 0 0 64 0 39 0 0 
10 0 0 0 0 0 67 0 41 0 0 
11 0 0 0 0 0 70 0 43 0 0 
12 0 0 0 0 0 73 0 45 0 0 
13 0 0 0 0 0 76 0 47 0 0 
14 0 0 0 0 0 79 0 49 0 0 
15 0 0 0 0 0 82 0 51 0 0 
16 0 0 0 0 0 85 0 53 0 0 
17 0 0 0 0 0 88 0 55 0 0 
18 0 0 0 0 0 91 0 57 0 0 
19 0 0 0 0 0 94 0 59 0 0 
20 0 0 0 0 0 97 0 61 0 0 
21 0 0 0 0 0 100 0 63 0 0 
22 0 0 0 0 0 103 0 65 0 0 
23 0 0 0 0 0 106 0 67 0 0 
24 0 0 0 0 0 109 0 69 0 0 
25 0 0 0 0 0 112 0 71 0 0 
26 0 0 0 0 0 115 0 73 0 0 
27 0 0 0 0 0 118 0 75 0 0 
28 0 0 0 0 0 121 0 77 0 0 
29 0 0 0 0 0 124 0 79 0 0 
30 0 0 0 0 0 127 0 81 0 0 
31 0 0 0 0 0 130 0 83 0 0 
32 0 0 0 0 0 133 0 85 0 0 
33 0 0 0 0 0 136 0 87 0 0 
34 0 0 0 0 0 139 0 89 0 0 
35 0 0 0 0 0 142 0 91 0 0 
36 0 0 0 0 0 145 0 93 0 0 
37 0 0 0 0 0 148 0 95 0 0 
38 0 0 0 0 0 151 0 97 0 0 
39 0 0 0 0 0 154 0 99 0 0 
40 0 0 0 0 0 157 0 101 0 0 
41 0 0 0 0 0 160 0 103 0 0 
42 0 0 0 0 0 163 0 105 0 0 
43 0 0 0 0 0 166 0 107 0 0 
44 0 0 0 0 0 169 0 109 0 0 
45 0 0 0 0 0 172 0 111 0 0 
46 0 0 0 0 0 175 0 113 0 0 
47 0 0 0 0 0 178 0 115 0 0 
48 0 0 0 0 0 181 0 117 0 0 
49 0 0 0 0 0 184 0 119 0 0 
50 0 0 0 0 0 187 0 121 0 0 
51 0 0 0 0 0 190 0 123 0 0 
52 0 0 0 0 0 193 0 125 0 0 
53 0 0 0 0 0 196 0 127 0 0 
54 0 0 0 0 0 199 0 129 0 0 
55 0 0 0 0 0 202 0 131 0 0 
56 0 0 0 0 0 205 0 133 0 0 
57 0 0 0 0 0 208 0 135 0 0 
58 0 0 0 0 0 211 0 137 0 0 
59 0 0 0 0 0 214 0 139 0 0 
60 0 0 0 0 0 217 0 141 0 0 
61 0 0 0 0 0 220 0 143 0 0 
62 0 0 0 0 0 223 0 145 0 0 
63 0 0 0 0 0 226 0 147 0 0 
64 0 0 0 0 0 229 0 149 0 0 
65 0 0 0 0 0 232 0 151 0 0 
66 0 0 0 0 0 235 0 153 0 0 
67 0 0 0 0 0 238 0 155 0 0 
68 0 0 0 0 0 241 0 157 0 0 
69 0 0 0 0 0 244 0 159 0 0 
70 0 0 0 0 0 247 0 161 0 0 
71 0 0 0 0 0 250 0 163 0 0 
72 0 0 0 0 0 253 0 165 0 0 
73 0 0 0 0 0 256 0 167 0 0 
74 0 0 0 0 0 259 0 169 0 0 
75 0 0 0 0 0 262 0 171 0 0 
76 0 0 0 0 0 265 0 173 0 0 
77 0 0 0 0 0 268 0 175 0 0 
78 0 0 0 0 0 271 0 177 0 0 
79 0 0 0 0 0 274 0 179 0 0 
80 0 0 0 0 0 277 0 181 0 0 
81 0 0 0 0 0 280 0 183 0 0 
82 0 0 0 0 0 283 0 185 0 0 
83 0 0 0 0 0 286 0 187 0 0 
84 0 0 0 0 0 289 0 189 0 0 
85 0 0 0 0 0 292 0 191 0 0 
86 0 0 0 0 0 295 0 193 0 0 
87 0 0 0 0 0 298 0 195 0 0 
88 0 0 0 0 0 301 0 197 0 0 
89 0 0 0 0 0 304 0 199 0 0 
90 0 0 0 0 0 307 0 201 0 0 
91 0 0 0 0 0 310 0 203 0 0 
92 0 0 0 0 0 313 0 205 0 0 
93 0 0 0 0 0 316 0 207 0 0 
94 0 0 0 0 0 319 0 209 0 0 
95 0 0 0 0 0 322 0 211 0 0 
96 0 0 0 0 0 325 0 213 0 0 
97 0 0 0 0 0 328 0 215 0 0 
98 0 0 0 0 0 331 0 217 0 0 
99 0 0 0 0 0 334 0 219 0 0 
100 0 0 0 0 0 337 0 221 0 0 
101 0 0 0 0 0 340 0 223 0 0 
102 0 0 0 0 0 343 0 225 0 0 
103 0 0 0 0 0 346 0 227 0 0 
104 0 0 0 0 0 349 0 229 0 0 
105 0 0 0 0 0 352 0 231 0 0 
106 0 0 0 0 0 355 0 233 0 0 
107 0 0 0 0 0 358 0 235 0 0 
108 0 0 0 0 0 361 0 237 0 0 
109 0 0 0 0 0 364 0 239 0 0 
110 0 0 0 0 0 367 0 241 0 0 
111 0 0 0 0 0 370 0 243 0 0 
112 0 0 0 0 0 373 0 245 0 0 
113 0 0 0 0 0 376 0 247 0 0 
114 0 0 0 0 0 379 0 249 0 0 
115 0 0 0 0 0 382 0 251 0 0 
116 0 0 0 0 0 385 0 253 0 0 
117 0 0 0 0 0 388 0 255 0 0 
118 0 0 0 0 0 391 0 257 0 0 
119 0 0 0 0 0 394 0 259 0 0 
120 0 0 0 0 0 397 0 261 0 0 
121 0 0 0 0 0 400 0 263 0 0 
122 0 0 0 0 0 403 0 265 0 0 
123 0 0 0 0 0 406 0 267 0 0 
124 0 0 0 0 0 409 0 269 0 0 
125 0 0 0 0 0 412 0 271 0 0 
126 0 0 0 0 0 415 0 273 0 0 
127 0 0 0 0 0 418 0 275 0 0 
128 0 0 0 0 0 421 0 277 0 0 
129 0 0 0 0 0 424 0 279 0 0 
130 0 0 0 0 0 427 0 281 0 0 
131 0 0 0 0 0 430 0 283 0 0 
132 0 0 0 0 0 433 0 285 0 0 
133 0 0 0 0 0 436 0 287 0 0 
134 0 0 0 0 0 439 0 289 0 0 
135 0 0 0 0 0 442 0 291 0 0 
136 0 0 0 0 0 445 0 293 0 0 
137 0 0 0 0 0 448 0 295 0 0 
138 0 0 0 0 0 451 0 297 0 0 
139 0 0 0 0 0 454 0 299 0 0 
140 0 0 0 0 0 457 0 301 0 0 
141 0 0 0 0 0 460 0 303 0 0 
142 0 0 0 0 0 463 0 305 0 0 
143 0 0 0 0 0 466 0 307 0 0 
144 0 0 0 0 0 469 0 309 0 0 
145 0 0 0 0 0 472 0 311 0 0 
146 0 0 0 0 0 475 0 313 0 0 
147 0 0 0 0 0 478 0 315 0 0 
148 0 0 0 0 0 481 0 317 0 0 
149 0 0 0 0 0 484 0 319 0 0 
150 0 0 0 0 0 487 0 321 0 0 
151 0 0 0 0 0 490 0 323 0 0 
152 0 0 0 0 0 493 0 325 0 0 
153 0 0 0 0 0 496 0 327 0 0 
154 0 0 0 0 0 499 0 329 0 0 
155 0 0 0 0 0 502 0 331 0 0 
156 0 0 0 0 0 505 0 333 0 0 
157 0 0 0 0 0 508 0 335 0 0 
158 0 0 0 0 0 511 0 337 0 0 
159 0 0 0 0 0 514 0 339 0 0 
160 0 0 0 0 0 517 0 341 0 0 
161 0 0 0 0 0 520 0 343 0 0 
162 0 0 0 0 0 523 0 345 0 0 
163 0 0 0 0 0 526 0 347 0 0 
164 0 0 0 0 0 529 0 349 0 0 
165 0 0 0 0 0 532 0 351 0 0 
166 0 0 0 0 0 535 0 353 0 0 
167 0 0 0 0 0 538 0 355 0 0 
168 0 0 0 0 0 541 0 357 0 0 
169 0 0 0 0 0 544 0 359 0 0 
170 0 0 0 0 0 547 0 361 0 0 
171 0 0 0 0 0 550 0 363 0 0 
172 0 0 0 0 0 553 0 365 0 0 
173 0 0 0 0 0 556 0 367 0 0 
174 0 0 0 0 0 559 0 369 0 0 
175 0 0 0 0 0 562 0 371 0 0 
176 0 0 0 0 0 565 0 373 0 0 
177 0 0 0 0 0 568 0 375 0 0 
178 0 0 0 0 0 571 0 377 0 0 
179 0 0 0 0 0 574 0 379 0 0 
180 0 0 0 0 0 577 0 381 0 0 
181 0 0 0 0 0 580 0 383 0 0 
182 0 0 0 0 0 583 0 385 0 0 
183 0 0 0 0 0 586 0 387 0 0 
184 0 0 0 0 0 589 0 389 0 0 
185 0 0 0 0 0 592 0 391 0 0 
186 0 0 0 0 0 595 0 393 0 0 
187 0 0 0 0 0 598 0 395 0 0 
188 0 0 0 0 0 601 0 397 0 0 
189 0 0 0 0 0 604 0 399 0 0 
190 0 0 0 0 0 607 0 401 0 0 
191 0 0 0 0 0 610 0 403 0 0 
192 0 0 0 0 0 613 0 405 0 0 
193 0 0 0 0 0 616 0 407 0 0 
194 0 0 0 0 0 619 0 409 0 0 
195 0 0 0 0 0 622 0 411 0 0 
196 0 0 0 0 0 625 0 413 0 0 
197 0 0 0 0 0 628 0 415 0 0 
198 0 0 0 0 0 631 0 417 0 0 
199 0 0 0 0 0 634 0 419 0 0 
200 0 0 0 0 0 637 0 421 0 0 
201 0 0 0 0 0 640 0 423 0 0 
202 0 0 0 0 0 643 0 425 0 0 
203 0 0 0 0 0 646 0 427 0 0 
204 0 0 0 0 0 649 0 429 0 0 
205 0 0 0 0 0 652 0 431 0 0 
206 0 0 0 0 0 655 0 433 0 0 
207 0 0 0 0 0 658 0 435 0 0 
208 0 0 0 0 0 661 0 437 0 0 
209 0 0 0 0 0 664 0 439 0 0 
210 0 0 0 0 0 667 0 441 0 0 
211 0 0 0 0 0 670 0 443 0 0 
212 0 0 0 0 0 673 0 445 0 0 
213 0 0 0 0 0 676 0 447 0 0 
214 0 0 0 0 0 679 0 449 0 0 
215 0 0 0 0 0 682 0 451 0 0 
216 0 0 0 0 0 685 0 453 0 0 
217 0 0 0 0 0 688 0 455 0 0 
218 0 0 0 0 0 691 0 457 0 0 
219 0 0 0 0 0 694 0 459 0 0 
220 0 0 0 0 0 697 0 461 0 0 
221 0 0 0 0 0 700 0 463 0 0 
222 0 0 0 0 0 703 0 465 0 0 
223 0 0 0 0 0 706 0 467 0 0 
224 0 0 0 0 0 709 0 469 0 0 
225 0 0 0 0 0 712 0 471 0 0 
226 0 0 0 0 0 715 0 473 0 0 
227 0 0 0 0 0 718 0 475 0 0 
228 0 0 0 0 0 721 0 477 0 0 
229 0 0 0 0 0 724 0 479 0 0 
230 0 0 0 0 0 727 0 481 0 0 
231 0 0 0 0 0 730 0 483 0 0 
232 0 0 0 0 0 733 0 485 0 0 
233 0 0 0 0 0 736 0 487 0 0 
234 0 0 0 0 0 739 0 489 0 0 
235 0 0 0 0 0 742 0 491 0 0 
236 0 0 0 0 0 745 0 493 0 0 
237 0 0 0 0 0 748 0 495 0 0 
238 0 0 0 0 0 751 0 497 0 0 
239 0 0 0 0 0 754 0 499 0 0 
240 0 0 0 0 0 757 0 501 0 0 
241 0 0 0 0 0 760 0 503 0 0 
242 0 0 0 0 0 763 0 505 0 0 
243 0 0 0 0 0 766 0 507 0 0 
244 0 0 0 0 0 769 0 509 0 0 
245 0 0 0 0 0 772 0 511 0 0 
246 0 0 0 0 0 775 0 513 0 0 
247 0 0 0 0 0 778 0 515 0 0 
248 0 0 0 0 0 781 0 517 0 0 
249 0 0 0 0 0 784 0 519 0 0 
250 0 0 0 0 0 787 0 521 0 0 
251 0 0 0 0 0 790 0 523 0 0 
252 0 0 0 0 0 793 0 525 0 0 
253 0 0 0 0 0 796 0 527 0 0 
254 0 0 0 0 0 799 0 529 0 0 
255 0 0 0 0 0 802 0 531 0 0 
256 0 0 0 0 0 805 0 533 0 0 
257 0 0 0 0 0 808 0 535 0 0 
258 0 0 0 0 0 811 0 537 0 0 
259 0 0 0 0 0 814 0 539 0 0 
260 0 0 0 0 0 817 0 541 0 0 
261 0 0 0 0 0 820 0 543 0 0 
262 0 0 0 0 0 823 0 545 0 0 
263 0 0 0 0 0 826 0 547 0 0 
264 0 0 0 0 0 829 0 549 0 0 
265 0 0 0 0 0 832 0 551 0 0 
266 0 0 0 0 0 835 0 553 0 0 
267 0 0 0 0 0 838 0 555 0 0 
268 0 0 0 0 0 841 0 557 0 0 
269 0 0 0 0 0 844 0 559 0 0 
270 0 0 0 0 0 847 0 561 0 0 
271 0 0 0 0 0 850 0 563 0 0 
272 0 0 0 0 0 853 0 565 0 0 
273 0 0 0 0 0 856 0 567 0 0 
274 0 0 0 0 0 859 0 569 0 0 
275 0 0 0 0 0 862 0 571 0 0 
276 0 0 0 0 0 865 0 573 0 0 
277 0 0 0 0 0 868 0 575 0 0 
278 0 0 0 0 0 871 0 577 0 0 
279 0 0 0 0 0 874 0 579 0 0 
280 0 0 0 0 0 877 0 581 0 0 
281 0 0 0 0 0 880 0 583 0 0 
282 0 0 0 0 0 883 0 585 0 0 
283 0 0 0 0 0 886 0 587 0 0 
284 0 0 0 0 0 889 0 589 0 0 
285 0 0 0 0 0 892 0 591 0 0 
286 0 0 0 0 0 895 0 593 0 0 
287 0 0 0 0 0 898 0 595 0 0 
288 0 0 0 0 0 901 0 597 0 0 
289 0 0 0 0 0 904 0 599 0 0 
290 0 0 0 0 0 907 0 601 0 0 
291 0 0 0 0 0 910 0 603 0 0 
292 0 0 0 0 0 913 0 605 0 0 
293 0 0 0 0 0 916 0 607 0 0 
294 0 0 0 0 0 919 0 609 0 0 
295 0 0 0 0 0 922 0 611 0 0 
296 0 0 0 0 0 925 0 613 0 0 
297 0 0 0 0 0 928 0 615 0 0 
298 0 0 0 0 0 931 0 617 0 0 
299 0 0 0 0 0 934 0 619 0 0 
300 0 0 0 0 0 937 0 621 0 0 
301 0 0 0 0 0 940 0 623 0 0 
302 0 0 0 0 0 943 0 625 0 0 
303 0 0 0 0 0 946 0 627 0 0 
304 0 0 0 0 0 949 0 629 0 0 
305 0 0 0 0 0 952 0 631 0 0 
306 0 0 0 0 0 955 0 633 0 0 
307 0 0 0 0 0 958 0 635 0 0 
308 0 0 0 0 0 961 0 637 0 0 
309 0 0 0 0 0 964 0 639 0 0 
310 0 0 0 0 0 967 0 641 0 0 
311 0 0 0 0 0 970 0 643 0 0 
312 0 0 0 0 0 973 0 645 0 0 
313 0 0 0 0 0 976 0 647 0 0 
314 0 0 0 0 0 979 0 649 0 0 
315 0 0 0 0 0 982 0 651 0 0 
316 0 0 0 0 0 985 0 653 0 0 
317 0 0 0 0 0 988 0 655 0 0 
318 0 0 0 0 0 991 0 657 0 0 
319 0 0 0 0 0 994 0 659 0 0 
320 0 0 0 0 0 997 0 661 0 0 
321 0 0 0 0 0 1000 0 663 0 0 
322 0 0 0 0 0 1003 0 665 0 0 
323 0 0 0 0 0 1006 0 667 0 0 
324 0 0 0 0 0 1009 0 669 0 0 
325 0 0 0 0 0 1012 0 671 0 0 
326 0 0 0 0 0 1015 0 673 0 0 
327 0 0 0 0 0 1018 0 675 0 0 
328 0 0 0 0 0 1021 0 677 0 0 
329 0 0 0 0 0 1024 0 679 0 0 
330 0 0 0 0 0 1027 0 681 0 0 
331 0 0 0 0 0 1030 0 683 0 0 
332 0 0 0 0 0 1033 0 685 0 0 
333 0 0 0 0 0 1036 0 687 0 0 
334 0 0 0 0 0 1039 0 689 0 0 
335 0 0 0 0 0 1042 0 691 0 0 
336 0 0 0 0 0 1045 0 693 0 0 
337 0 0 0 0 0 1048 0 695 0 0 
338 0 0 0 0 0 1051 0 697 0 0 
339 0 0 0 0 0 1054 0 699 0 0 
340 0 0 0 0 0 1057 0 701 0 0 
341 0 0 0 0 0 1060 0 703 0 0 
342 0 0 0 0 0 1063 0 705 0 0 
343 0 0 0 0 0 1066 0 707 0 0 
344 0 0 0 0 0 1069 0 709 0 0 
345 0 0 0 0 0 1072 0 711 0 0 
346 0 0 0 0 0 1075 0 713 0 0 
347 0 0 0 0 0 1078 0 715 0 0 
348 0 0 0 0 0 1081 0 717 0 0 
349 0 0 0 0 0 1084 0 719 0 0 
350 0 0 0 0 0 1087 0 721 0 0 
351 0 0 0 0 0 1090 0 723 0 0 
352 0 0 0 0 0 1093 0 725 0 0 
353 0 0 0 0 0 1096 0 727 0 0 
354 0 0 0 0 0 1099 0 729 0 0 
355 0 0 0 0 0 1102 0 731 0 0 
356 0 0 0 0 0 1105 0 733 0 0 
357 0 0 0 0 0 1108 0 735 0 0 
358 0 0 0 0 0 1111 0 737 0 0 
359 0 0 0 0 0 1114 0 739 0 0 
360 0 0 0 0 0 1117 0 741 0 0 
361 0 0 0 0 0 1120 0 743 0 0 
362 0 0 0 0 0 1123 0 745 0 0 
363 0 0 0 0 0 1126 0 747 0 0 
364 0 0 0 0 0 1129 0 749 0 0 
365 0 0 0 0 0 1132 0 751 0 0 
366 0 0 0 0 0 1135 0 753 0 0 
367 0 0 0 0 0 1138 0 755 0 0 
368 0 0 0 0 0 1141 0 757 0 0 
369 0 0 0 0 0 1144 0 759 0 0 
370 0 0 0 0 0 1147 0 761 0 0 
371 0 0 0 0 0 1150 0 763 0 0 
372 0 0 0 0 0 1153 0 765 0 0 
373 0 0 0 0 0 1156 0 767 0 0 
374 0 0 0 0 0 1159 0 769 0 0 
375 0 0 0 0 0 1162 0 771 0 0 
376 0 0 0 0 0 1165 0 773 0 0 
377 0 0 0 0 0 1168 0 775 0 0 
378 0 0 0 0 0 1171 0 777 0 0 
379 0 0 0 0 0 1174 0 779 0 0 
380 0 0 0 0 0 1177 0 781 0 0 
381 0 0 0 0 0 1180 0 783 0 0 
382 0 0 0 0 0 1183 0 785 0 0 
383 0 0 0 0 0 1186 0 787 0 0 
384 0 0 0 0 0 1189 0 789 0 0 
385 0 0 0 0 0 1192 0 791 0 0 
386 0 0 0 0 0 1195 0 793 0 0 
387 0 0 0 0 0 1198 0 795 0 0 
388 0 0 0 0 0 1201 0 797 0 0 
389 0 0 0 0 0 1204 0 799 0 0 
390 0 0 0 0 0 1207 0 801 0 0 
391 0 0 0 0 0 1210 0 803 0 0 
392 0 0 0 0 0 1213 0 805 0 0 
393 0 0 0 0 0 1216 0 807 0 0 
394 0 0 0 0 0 1219 0 809 0 0 
395 0 0 0 0 0 1222 0 811 0 0 
396 0 0 0 0 0 1225 0 813 0 0 
397 0 0 0 0 0 1228 0 815 0 0 
398 0 0 0 0 0 1231 0 817 0 0 
399 0 0 0 0 0 1234 0 819 0 0 
400 0 0 0 0 0 1237 0 821 0 0 
401 0 0 0 0 0 1240 0 823 0 0 
402 0 0 0 0 0 1243 0 825 0 0 
403 0 0 0 0 0 1246 0 827 0 0 
404 0 0 0 0 0 1249 0 829 0 0 
405 0 0 0 0 0 1252 0 831 0 0 
406 0 0 0 0 0 1255 0 833 0 0 
407 0 0 0 0 0 1258 0 835 0 0 
408 0 0 0 0 0 1261 0 837 0 0 
409 0 0 0 0 0 1264 0 839 0 0 
410 0 0 0 0 0 1267 0 841 0 0 
411 0 0 0 0 0 1270 0 843 0 0 
412 0 0 0 0 0 1273 0 845 0 0 
413 0 0 0 0 0 1276 0 847 0 0 
414 0 0 0 0 0 1279 0 849 0 0 
415 0 0 0 0 0 1282 0 851 0 0 
416 0 0 0 0 0 1285 0 853 0 0 
417 0 0 0 0 0 1288 0 855 0 0 
418 0 0 0 0 0 1291 0 857 0 0 
419 0 0 0 0 0 1294 0 859 0 0 
420 0 0 0 0 0 1297 0 861 0 0 
421 0 0 0 0 0 1300 0 863 0 0 
422 0 0 0 0 0 1303 0 865 0 0 
423 0 0 0 0 0 1306 0 867 0 0 
424 0 0 0 0 0 1309 0 869 0 0 
425 0 0 0 0 0 1312 0 871 0 0 
426 0 0 0 0 0 1315 0 873 0 0 
427 0 0 0 0 0 1318 0 875 0 0 
428 0 0 0 0 0 1321 0 877 0 0 
429 0 0 0 0 0 1324 0 879 0 0 
430 0 0 0 0 0 1327 0 881 0 0 
431 0 0 0 0 0 1330 0 883 0 0 
432 0 0 0 0 0 1333 0 885 0 0 
433 0 0 0 0 0 1336 0 887 0 0 
434 0 0 0 0 0 1339 0 889 0 0 
435 0 0 0 0 0 1342 0 891 0 0 
436 0 0 0 0 0 1345 0 893 0 0 
437 0 0 0 0 0 1348 0 895 0 0 
438 0 0 0 0 0 1351 0 897 0 0 
439 0 0 0 0 0 1354 0 899 0 0 
440 0 0 0 0 0 1357 0 901 0 0 
441 0 0 0 0 0 1360 0 903 0 0 
442 0 0 0 0 0 1363 0 905 0 0 
443 0 0 0 0 0 1366 0 907 0 0 
444 0 0 0 0 0 1369 0 909 0 0 
445 0 0 0 0 0 1372 0 911 0 0 
446 0 0 0 0 0 1375 0 913 0 0 
447 0 0 0 0 0 1378 0 915 0 0 
448 0 0 0 0 0 1381 0 917 0 0 
449 0 0 0 0 0 1384 0 919 0 0 
450 0 0 0 0 0 1387 0 921 0 0 
451 0 0 0 0 0 1390 0 923 0 0 
452 0 0 0 0 0 1393 0 925 0 0 
453 0 0 0 0 0 1396 0 927 0 0 
454 0 0 0 0 0 1399 0 929 0 0 
455 0 0 0 0 0 1402 0 931 0 0 
456 0 0 0 0 0 1405 0 933 0 0 
457 0 0 0 0 0 1408 0 935 0 0 
458 0 0 0 0 0 1411 0 937 0 0 
459 0 0 0 0 0 1414 0 939 0 0 
460 0 0 0 0 0 1417 0 941 0 0 
461 0 0 0 0 0 1420 0 943 0 0 
462 0 0 0 0 0 1423 0 945 0 0 
463 0 0 0 0 0 1426 0 947 0 0 
464 1 0 0 0 0 1429 0 949 0 0 
465 1 0 0 0 0 1432 0 951 0 0 
466 1 0 0 0 0 1435 0 953 0 0 
467 1 0 0 0 0 1438 0 955 0 0 
468 1 0 0 0 0 1441 0 957 0 0 
469 1 0 0 0 0 1444 0 959 0 0 
470 1 0 0 0 0 1447 0 961 0 0 
471 1 0 0 0 0 1450 0 963 0 0 
472 1 0 0 0 0 1453 0 965 0 0 
473 1 0 0 0 0 1456 0 967 0 0 
474 1 0 0 0 0 1459 0 969 0 0 
475 1 0 0 0 0 1462 0 971 0 0 
476 1 0 0 0 0 1465 0 973 0 0 
477 1 0 0 0 0 1468 0 975 0 0 
478 1 0 0 0 0 1471 0 977 0 0 
479 1 0 0 0 0 1474 0 979 0 0 
480 1 0 0 0 0 1477 0 981 0 0 
481 1 0 0 0 0 1480 0 983 0 0 
482 1 0 0 0 0 1483 0 985 0 0 
483 1 0 0 0 0 1486 0 987 0 0 
484 1 0 0 0 0 1489 0 989 0 0 
485 1 0 0 0 0 1492 0 991 0 0 
486 1 0 0 0 0 1495 0 993 0 0 
487 1 0 0 0 0 1498 0 995 0 0 
488 1 0 0 0 0 1501 0 997 0 0 
489 1 0 0 0 0 1504 0 999 0 0 
490 1 0 0 0 0 1507 0 1001 0 0 
491 1 0 0 0 0 1510 0 1003 0 0 
492 1 0 0 0 0 1513 0 1005 0 0 
493 1 0 0 0 0 1516 0 1007 0 0 
494 1 0 0 0 0 1519 0 1009 0 0 
495 1 0 0 0 0 1522 0 1011 0 0 
496 1 0 0 0 0 1525 0 1013 0 0 
497 1 0 0 0 0 1528 0 1015 0 0 
498 1 0 0 0 0 1531 0 1017 0 0 
499 1 0 0 0 0 1534 0 1019 0 0 
500 1 0 0 0 0 1537 0 1021 0 0 
501 1 0 0 0 0 1540 0 1023 0 0 
502 1 0 0 0 0 1543 0 1025 0 0 
503 1 0 0 0 0 1546 0 1027 0 0 
504 1 0 0 0 0 1549 0 1029 0 0 
505 1 0 0 0 0 1552 0 1031 0 0 
506 1 0 0 0 0 1555 0 1033 0 0 
507 1 0 0 0 0 1558 0 1035 0 0 
508 1 0 0 0 0 1561 0 1037 0 0 
509 1 0 0 0 0 1564 0 1039 0 0 
510 1 0 0 0 0 1567 0 1041 0 0 
511 1 0 0 0 0 1570 0 1043 0 0 
512 1 0 0 0 0 1573 0 1045 0 0 
513 1 0 0 0 0 1576 0 1047 0 0 
514 1 0 0 0 0 1579 0 1049 0 0 
515 1 0 0 0 0 1582 0 1051 0 0 
516 1 0 0 0 0 1583 1 1053 0 0 
517 1 0 0 0 0 1586 1 1055 0 0 
518 1 0 0 0 0 1589 1 1057 0 0 
519 1 0 0 0 0 1592 1 1059 0 0 
520 1 0 0 0 0 1595 1 1061 0 0 
521 1 0 0 0 0 1598 1 1063 0 0 
522 1 0 0 0 0 1601 1 1065 0 0 
523 1 0 0 0 0 1604 1 1067 0 0 
524 1 0 0 0 0 1607 1 1069 0 0 
525 1 0 0 0 0 1610 1 1071 0 0 
526 1 0 0 0 0 1613 1 1073 0 0 
527 1 0 0 0 0 1616 1 1075 0 0 
528 1 0 0 0 0 1619 1 1077 0 0 
529 1 0 0 0 0 1622 1 1079 0 0 
530 1 0 0 0 0 1625 1 1081 0 0 
531 1 0 0 0 0 1628 1 1083 0 0 
532 1 0 0 0 0 1631 1 1085 0 0 
533 1 0 0 0 0 1634 1 1087 0 0 
534 1 0 0 0 0 1637 1 1089 0 0 
535 1 0 0 0 0 1640 1 1091 0 0 
536 1 0 0 0 0 1643 1 1093 0 0 
537 1 0 0 0 0 1646 1 1095 0 0 
538 1 0 0 0 0 1649 1 1097 0 0 
539 1 0 0 0 0 1652 1 1099 0 0 
540 1 0 0 0 0 1655 1 1101 0 0 
541 1 0 0 0 0 1658 1 1103 0 0 
542 1 0 0 0 0 1661 1 1105 0 0 
543 1 0 0 0 0 1664 1 1107 0 0 
544 1 0 0 0 0 1667 1 1109 0 0 
545 1 0 0 0 0 1670 1 1111 0 0 
546 1 0 0 0 0 1673 1 1113 0 0 
547 1 0 0 0 0 1676 1 1115 0 0 
548 1 0 0 0 0 1679 1 1117 0 0 
549 1 0 0 0 0 1682 1 1119 0 0 
550 1 0 0 0 0 1685 1 1121 0 0 
551 1 0 0 0 0 1688 1 1123 0 0 
552 1 0 0 0 0 1691 1 1125 0 0 
553 1 0 0 0 0 1694 1 1127 0 0 
554 1 0 0 0 0 1697 1 1129 0 0 
555 1 0 0 0 0 1700 1 1131 0 0 
556 1 0 0 0 0 1703 1 1133 0 0 
557 1 0 0 0 0 1706 1 1135 0 0 
558 1 0 0 0 0 1709 1 1137 0 0 
559 1 0 0 0 0 1712 1 1139 0 0 
560 1 0 0 0 0 1715 1 1141 0 0 
561 1 0 0 0 0 1718 1 1143 0 0 
562 1 0 0 0 0 1721 1 1145 0 0 
563 1 0 0 0 0 1724 1 1147 0 0 
564 1 0 0 0 0 1727 1 1149 0 0 
565 1 0 0 0 0 1730 1 1151 0 0 
566 1 0 0 0 0 1733 1 1153 0 0 
567 1 0 0 0 0 1736 1 1155 0 0 
568 1 0 0 0 0 1739 1 1157 0 0 
569 1 0 0 0 0 1742 1 1159 0 0 
570 1 0 0 0 0 1745 1 1161 0 0 
571 1 0 0 0 0 1748 1 1163 0 0 
572 1 0 0 0 0 1751 1 1165 0 0 
573 1 0 0 0 0 1754 1 1167 0 0 
574 1 0 0 0 0 1757 1 1169 0 0 
575 1 0 0 0 0 1760 1 1171 0 0 
576 1 0 0 0 0 1763 1 1173 0 0 
577 1 0 0 0 0 1766 1 1175 0 0 
578 1 0 0 0 0 1769 1 1177 0 0 
579 1 0 0 0 0 1772 1 1179 0 0 
580 1 0 0 0 0 1775 1 1181 0 0 
581 1 0 0 0 0 1778 1 1183 0 0 
582 1 0 0 0 0 1781 1 1185 0 0 
583 1 0 0 0 0 1784 1 1187 0 0 
584 1 0 0 0 0 1787 1 1189 0 0 
585 1 0 0 0 0 1790 1 1191 0 0 
586 1 0 0 0 0 1793 1 1193 0 0 
587 1 0 0 0 0 1796 1 1195 0 0 
588 1 0 0 0 0 1799 1 1197 0 0 
589 1 0 0 0 0 1802 1 1199 0 0 
590 1 0 0 0 0 1805 1 1201 0 0 
591 1 0 0 0 0 1808 1 1203 0 0 
592 1 0 0 0 0 1811 1 1205 0 0 
593 1 0 0 0 0 1814 1 1207 0 0 
594 1 0 0 0 0 1817 1 1209 0 0 
595 1 0 0 0 0 1820 1 1211 0 0 
596 1 0 0 0 0 1823 1 1213 0 0 
597 1 0 0 0 0 1826 1 1215 0 0 
598 1 0 0 0 0 1829 1 1217 0 0 
599 1 0 0 0 0 1832 1 1219 0 0 
600 1 0 0 0 0 1835 1 1221 0 0 
601 1 0 0 0 0 1838 1 1223 0 0 
602 1 0 0 0 0 1841 1 1225 0 0 
603 1 0 0 0 0 1844 1 1227 0 0 
604 1 0 0 0 0 1847 1 1229 0 0 
605 1 0 0 0 0 1850 1 1231 0 0 
606 1 0 0 0 0 1853 1 1233 0 0 
607 1 0 0 0 0 1856 1 1235 0 0 
608 1 0 0 0 0 1859 1 1237 0 0 
609 1 0 0 0 0 1862 1 1239 0 0 
610 1 0 0 0 0 1865 1 1241 0 0 
611 1 0 0 0 0 1868 1 1243 0 0 
612 1 0 0 0 0 1871 1 1245 0 0 
613 1 0 0 0 0 1874 1 1247 0 0 
614 1 0 0 0 0 1877 1 1249 0 0 
615 1 0 0 0 0 1880 1 1251 0 0 
616 1 0 0 0 0 1883 1 1253 0 0 
617 1 0 0 0 0 1886 1 1255 0 0 
618 1 0 0 0 0 1889 1 1257 0 0 
619 1 0 0 0 0 1892 1 1259 0 0 
620 1 0 0 0 0 1895 1 1261 0 0 
621 1 0 0 0 0 1898 1 1263 0 0 
622 1 0 0 0 0 1901 1 1265 0 0 
623 1 0 0 0 0 1904 1 1267 0 0 
624 1 0 0 0 0 1907 1 1269 0 0 
625 1 0 0 0 0 1910 1 1271 0 0 
626 1 0 0 0 0 1913 1 1273 0 0 
627 1 0 0 0 0 1916 1 1275 0 0 
628 1 0 0 0 0 1919 1 1277 0 0 
629 1 0 0 0 0 1922 1 1279 0 0 
630 1 0 0 0 0 1925 1 1281 0 0 
631 1 0 0 0 0 1928 1 1283 0 0 
632 1 0 0 0 0 1931 1 1285 0 0 
633 1 0 0 0 0 1934 1 1287 0 0 
634 1 0 0 0 0 1937 1 1289 0 0 
635 1 0 0 0 0 1940 1 1291 0 0 
636 1 0 0 0 0 1943 1 1293 0 0 
637 1 0 0 0 0 1946 1 1295 0 0 
638 1 0 0 0 0 1949 1 1297 0 0 
639 1 0 0 0 0 1952 1 1299 0 0 
640 1 0 0 0 0 1955 1 1301 0 0 
641 1 0 0 0 0 1958 1 1303 0 0 
642 1 0 0 0 0 1961 1 1305 0 0 
643 1 0 0 0 0 1964 1 1307 0 0 
644 1 0 0 0 0 1967 1 1309 0 0 
645 1 0 0 0 0 1970 1 1311 0 0 
646 1 0 0 0 0 1973 1 1313 0 0 
647 1 0 0 0 0 1976 1 1315 0 0 
648 1 0 0 0 0 1979 1 1317 0 0 
649 1 0 0 0 0 1982 1 1319 0 0 
650 1 0 0 0 0 1985 1 1321 0 0 
651 1 0 0 0 0 1988 1 1323 0 0 
652 1 0 0 0 0 1991 1 1325 0 0 
653 1 0 0 0 0 1994 1 1327 0 0 
654 1 0 0 0 0 1997 1 1329 0 0 
655 1 0 0 0 0 2000 1 1331 0 0 
656 1 0 0 0 0 2003 1 1333 0 0 
657 1 0 0 0 0 2006 1 1335 0 0 
658 1 0 0 0 0 2009 1 1337 0 0 
659 1 0 0 0 0 2012 1 1339 0 0 
660 1 0 0 0 0 2015 1 1341 0 0 
661 1 0 0 0 0 2018 1 1343 0 0 
662 1 0 0 0 0 2021 1 1345 0 0 
663 1 0 0 0 0 2024 1 1347 0 0 
664 1 0 0 0 0 2027 1 1349 0 0 
665 1 0 0 0 0 2030 1 1351 0 0 
666 1 0 0 0 0 2033 1 1353 0 0 
667 1 0 0 0 0 2036 1 1355 0 0 
668 1 0 0 0 0 2039 1 1357 0 0 
669 1 0 0 0 0 2042 1 1359 0 0 
670 1 0 0 0 0 2045 1 1361 0 0 
671 1 0 0 0 0 2048 1 1363 0 0 
672 1 0 0 0 0 2051 1 1365 0 0 
673 1 0 0 0 0 2054 1 1367 0 0 
674 1 0 0 0 0 2057 1 1369 0 0 
675 1 0 0 0 0 2060 1 1371 0 0 
676 1 0 0 0 0 2063 1 1373 0 0 
677 1 0 0 0 0 2066 1 1375 0 0 
678 1 0 0 0 0 2069 1 1377 0 0 
679 1 0 0 0 0 2072 1 1379 0 0 
680 1 0 0 0 0 2075 1 1381 0 0 
681 1 0 0 0 0 2078 1 1383 0 0 
682 1 0 0 0 0 2081 1 1385 0 0 
683 1 0 0 0 0 2084 1 1387 0 0 
684 1 0 0 0 0 2087 1 1389 0 0 
685 1 0 0 0 0 2090 1 1391 0 0 
686 1 0 0 0 0 2093 1 1393 0 0 
687 1 0 0 0 0 2096 1 1395 0 0 
688 1 0 0 0 0 2099 1 1397 0 0 
689 1 0 0 0 0 2102 1 1399 0 0 
690 1 0 0 0 0 2105 1 1401 0 0 
691 1 0 0 0 0 2108 1 1403 0 0 
692 1 0 0 0 0 2111 1 1405 0 0 
693 1 0 0 0 0 2114 1 1407 0 0 
694 1 0 0 0 0 2117 1 1409 0 0 
695 1 0 0 0 0 2120 1 1411 0 0 
696 1 0 0 0 0 2123 1 1413 0 0 
697 1 0 0 0 0 2126 1 1415 0 0 
698 1 0 0 0 0 2129 1 1417 0 0 
699 1 0 0 0 0 2132 1 1419 0 0 
700 1 0 0 0 0 2135 1 1421 0 0 
701 1 0 0 0 0 2138 1 1423 0 0 
702 1 0 0 0 0 2141 1 1425 0 0 
703 1 0 0 0 0 2144 1 1427 0 0 
704 1 0 0 0 0 2147 1 1429 0 0 
705 1 0 0 0 0 2150 1 1431 0 0 
706 1 0 0 0 0 2153 1 1433 0 0 
707 1 0 0 0 0 2156 1 1435 0 0 
708 1 0 0 0 0 2159 1 1437 0 0 
709 1 0 0 0 0 2162 1 1439 0 0 
710 1 0 0 0 0 2165 1 1441 0 0 
711 1 0 0 0 0 2168 1 1443 0 0 
712 1 0 0 0 0 2171 1 1445 0 0 
713 1 0 0 0 0 2174 1 1447 0 0 
714 1 0 0 0 0 2177 1 1449 0 0 
715 1 0 0 0 0 2180 1 1451 0 0 
716 1 0 0 0 0 2183 1 1453 0 0 
717 1 0 0 0 0 2186 1 1455 0 0 
718 1 0 0 0 0 2189 1 1457 0 0 
719 1 0 0 0 0 2192 1 1459 0 0 
720 1 0 0 0 0 2195 1 1461 0 0 
721 1 0 0 0 0 2198 1 1463 0 0 
722 1 0 0 0 0 2201 1 1465 0 0 
723 1 0 0 0 0 2204 1 1467 0 0 
724 1 0 0 0 0 2207 1 1469 0 0 
725 1 0 0 0 0 2210 1 1471 0 0 
726 1 0 0 0 0 2213 1 1473 0 0 
727 1 0 0 0 0 2216 1 1475 0 0 
728 1 0 0 0 0 2219 1 1477 0 0 
729 1 0 0 0 0 2222 1 1479 0 0 
730 1 0 0 0 0 2225 1 1481 0 0 
731 1 0 0 0 0 2228 1 1483 0 0 
732 1 0 0 0 0 2231 1 1485 0 0 
733 1 0 0 0 0 2234 1 1487 0 0 
734 1 0 0 0 0 2237 1 1489 0 0 
735 1 0 0 0 0 2240 1 1491 0 0 
736 1 0 0 0 0 2243 1 1493 0 0 
737 1 0 0 0 0 2246 1 1495 0 0 
738 1 0 0 0 0 2249 1 1497 0 0 
739 1 0 0 0 0 2252 1 1499 0 0 
740 1 0 0 0 0 2255 1 1501 0 0 
741 1 0 0 0 0 2258 1 1503 0 0 
742 1 0 0 0 0 2261 1 1505 0 0 
743 1 0 0 0 0 2264 1 1507 0 0 
744 1 0 0 0 0 2267 1 1509 0 0 
745 1 0 0 0 0 2270 1 1511 0 0 
746 1 0 0 0 0 2273 1 1513 0 0 
747 1 0 0 0 0 2276 1 1515 0 0 
748 1 0 0 0 0 2279 1 1517 0 0 
749 1 0 0 0 0 2282 1 1519 0 0 
750 1 0 0 0 0 2285 1 1521 0 0 
751 1 0 0 0 0 2288 1 1523 0 0 
752 1 0 0 0 0 2291 1 1525 0 0 
753 1 0 0 0 0 2294 1 1527 0 0 
754 1 0 0 0 0 2297 1 1529 0 0 
755 1 0 0 0 0 2300 1 1531 0 0 
756 1 0 0 0 0 2303 1 1533 0 0 
757 1 0 0 0 0 2306 1 1535 0 0 
758 1 0 0 0 0 2309 1 1537 0 0 
759 1 0 0 0 0 2312 1 1539 0 0 
760 1 0 0 0 0 2315 1 1541 0 0 
761 1 0 0 0 0 2318 1 1543 0 0 
762 1 0 0 0 0 2321 1 1545 0 0 
763 1 0 0 0 0 2324 1 1547 0 0 
764 1 0 0 0 0 2327 1 1549 0 0 
765 1 0 0 0 0 2330 1 1551 0 0 
766 1 0 0 0 0 2333 1 1553 0 0 
767 1 0 0 0 0 2336 1 1555 0 0 
768 1 0 0 0 0 2339 1 1557 0 0 
769 1 0 0 0 0 2342 1 1559 0 0 
770 1 0 0 0 0 2345 1 1561 0 0 
771 1 0 0 0 0 2348 1 1563 0 0 
772 1 0 0 0 0 2351 1 1565 0 0 
773 1 0 0 0 0 2354 1 1567 0 0 
774 1 0 0 0 0 2357 1 1569 0 0 
775 1 0 0 0 0 2360 1 1571 0 0 
776 1 0 0 0 0 2363 1 1573 0 0 
777 1 0 0 0 0 2366 1 1575 0 0 
778 1 0 0 0 0 2369 1 1577 0 0 
779 1 0 0 0 0 2372 1 1579 0 0 
780 1 0 0 0 0 2375 1 1581 0 0 
781 1 0 0 0 0 2378 1 1583 0 0 
782 1 0 0 0 0 2381 1 1585 0 0 
783 1 0 0 0 0 2384 1 1587 0 0 
784 1 0 0 0 0 2387 1 1589 0 0 
785 1 0 0 0 0 2390 1 1591 0 0 
786 1 0 0 0 0 2393 1 1593 0 0 
787 1 0 0 0 0 2396 1 1595 0 0 
788 1 0 0 0 0 2399 1 1597 0 0 
789 1 0 0 0 0 2402 1 1599 0 0 
790 1 0 0 0 0 2405 1 1601 0 0 
791 1 0 0 0 0 2408 1 1603 0 0 
792 1 0 0 0 0 2411 1 1605 0 0 
793 1 0 0 0 0 2414 1 1607 0 0 
794 1 0 0 0 0 2417 1 1609 0 0 
795 1 0 0 0 0 2420 1 1611 0 0 
796 1 0 0 0 0 2423 1 1613 0 0 
797 1 0 0 0 0 2426 1 1615 0 0 
798 1 0 0 0 0 2429 1 1617 0 0 
799 1 0 0 0 0 2432 1 1619 0 0 
800 1 0 0 0 0 2435 1 1621 0 0 
801 1 0 0 0 0 2438 1 1623 0 0 
802 1 0 0 0 0 2441 1 1625 0 0 
803 1 0 0 0 0 2444 1 1627 0 0 
804 1 0 0 0 0 2447 1 1629 0 0 
805 1 0 0 0 0 2450 1 1631 0 0 
806 1 0 0 0 0 2453 1 1633 0 0 
807 1 0 0 0 0 2456 1 1635 0 0 
808 1 0 0 0 0 2459 1 1637 0 0 
809 1 0 0 0 0 2462 1 1639 0 0 
810 1 0 0 0 0 2465 1 1641 0 0 
811 1 0 0 0 0 2468 1 1643 0 0 
812 1 0 0 0 0 2471 1 1645 0 0 
813 1 0 0 0 0 2474 1 1647 0 0 
814 1 0 0 0 0 2477 1 1649 0 0 
815 1 0 0 0 0 2480 1 1651 0 0 
816 1 0 0 0 0 2483 1 1653 0 0 
817 1 0 0 0 0 2486 1 1655 0 0 
818 1 0 0 0 0 2489 1 1657 0 0 
819 1 0 0 0 0 2492 1 1659 0 0 
820 1 0 0 0 0 2495 1 1661 0 0 
821 1 0 0 0 0 2498 1 1663 0 0 
822 1 0 0 0 0 2501 1 1665 0 0 
823 1 0 0 0 0 2504 1 1667 0 0 
824 1 0 0 0 0 2507 1 1669 0 0 
825 1 0 0 0 0 2510 1 1671 0 0 
826 1 0 0 0 0 2513 1 1673 0 0 
827 1 0 0 0 0 2516 1 1675 0 0 
828 1 0 0 0 0 2519 1 1677 0 0 
829 1 0 0 0 0 2522 1 1679 0 0 
830 1 0 0 0 0 2525 1 1681 0 0 
831 1 0 0 0 0 2528 1 1683 0 0 
832 1 0 0 0 0 2531 1 1685 0 0 
833 1 0 0 0 0 2534 1 1687 0 0 
834 1 0 0 0 0 2537 1 1689 0 0 
835 1 0 0 0 0 2540 1 1691 0 0 
836 1 0 0 0 0 2543 1 1693 0 0 
837 1 0 0 0 0 2546 1 1695 0 0 
838 1 0 0 0 0 2549 1 1697 0 0 
839 1 0 0 0 0 2552 1 1699 0 0 
840 1 0 0 0 0 2555 1 1701 0 0 
841 1 0 0 0 0 2558 1 1703 0 0 
842 1 0 0 0 0 2561 1 1705 0 0 
843 1 0 0 0 0 2564 1 1707 0 0 
844 1 0 0 0 0 2567 1 1709 0 0 
845 1 0 0 0 0 2570 1 1711 0 0 
846 1 0 0 0 0 2573 1 1713 0 0 
847 1 0 0 0 0 2576 1 1715 0 0 
848 1 0 0 0 0 2579 1 1717 0 0 
849 1 0 0 0 0 2582 1 1719 0 0 
850 1 0 0 0 0 2585 1 1721 0 0 
851 1 0 0 0 0 2588 1 1723 0 0 
852 1 0 0 0 0 2591 1 1725 0 0 
853 1 0 0 0 0 2594 1 1727 0 0 
854 1 0 0 0 0 2597 1 1729 0 0 
855 1 0 0 0 0 2600 1 1731 0 0 
856 1 0 0 0 0 2603 1 1733 0 0 
857 1 0 0 0 0 2606 1 1735 0 0 
858 1 0 0 0 0 2609 1 1737 0 0 
859 1 0 0 0 0 2612 1 1739 0 0 
860 1 0 0 0 0 2615 1 1741 0 0 
861 1 0 0 0 0 2618 1 1743 0 0 
862 1 0 0 0 0 2621 1 1745 0 0 
863 1 0 0 0 0 2624 1 1747 0 0 
864 1 0 0 0 0 2627 1 1749 0 0 
865 1 0 0 0 0 2630 1 1751 0 0 
866 1 0 0 0 0 2633 1 1753 0 0 
867 2 0 0 0 0 2636 1 1755 0 0 
868 2 0 0 0 0 2639 1 1757 0 0 
869 2 0 0 0 0 2642 1 1759 0 0 
870 2 0 0 0 0 2645 1 1761 0 0 
871 2 0 0 0 0 2648 1 1763 0 0 
872 2 0 0 0 0 2651 1 1765 0 0 
873 2 0 0 0 0 2654 1 1767 0 0 
874 2 0 0 0 0 2657 1 1769 0 0 
875 2 0 0 0 0 2660 1 1771 0 0 
876 2 0 0 0 0 2663 1 1773 0 0 
877 2 0 0 0 0 2666 1 1775 0 0 
878 2 0 0 0 0 2669 1 1777 0 0 
879 2 0 0 0 0 2672 1 1779 0 0 
880 2 0 0 0 0 2675 1 1781 0 0 
881 2 0 0 0 0 2678 1 1783 0 0 
882 2 0 0 0 0 2681 1 1785 0 0 
883 2 0 0 0 0 2684 1 1787 0 0 
884 2 0 0 0 0 2687 1 1789 0 0 
885 2 0 0 0 0 2690 1 1791 0 0 
886 2 0 0 0 0 2693 1 1793 0 0 
887 2 0 0 0 0 2696 1 1795 0 0 
888 2 0 0 0 0 2699 1 1797 0 0 
889 2 0 0 0 0 2702 1 1799 0 0 
890 2 0 0 0 0 2705 1 1801 0 0 
891 2 0 0 0 0 2708 1 1803 0 0 
892 2 0 0 0 0 2711 1 1805 0 0 
893 2 0 0 0 0 2714 1 1807 0 0 
894 2 0 0 0 0 2717 1 1809 0 0 
895 2 0 0 0 0 2720 1 1811 0 0 
896 2 0 0 0 0 2723 1 1813 0 0 
897 2 0 0 0 0 2726 1 1815 0 0 
898 2 0 0 0 0 2729 1 1817 0 0 
899 2 0 0 0 0 2732 1 1819 0 0 
900 2 0 0 0 0 2735 1 1821 0 0 
901 2 0 0 0 0 2738 1 1823 0 0 
902 2 0 0 0 0 2741 1 1825 0 0 
903 2 0 0 0 0 2744 1 1827 0 0 
904 2 0 0 0 0 2747 1 1829 0 0 
905 2 0 0 0 0 2750 1 1831 0 0 
906 2 0 0 0 0 2753 1 1833 0 0 
907 2 0 0 0 0 2756 1 1835 0 0 
908 2 0 0 0 0 2759 1 1837 0 0 
909 2 0 0 0 0 2762 1 1839 0 0 
910 2 0 0 0 0 2765 1 1841 0 0 
911 2 0 0 0 0 2768 1 1843 0 0 
912 2 0 0 0 0 2771 1 1845 0 0 
913 2 0 0 0 0 2774 1 1847 0 0 
914 2 0 0 0 0 2777 1 1849 0 0 
915 2 0 0 0 0 2780 1 1851 0 0 
916 2 0 0 0 0 2783 1 1853 0 0 
917 2 0 0 0 0 2786 1 1855 0 0 
918 2 0 0 0 0 2789 1 1857 0 0 
919 2 3 0 0 0 2789 3 1859 2 0 
920 2 2 0 1 0 2789 4 1859 3 0 
921 2 2 0 1 0 2789 4 1859 3 0 
922 2 2 0 1 0 2789 4 1859 3 0 
923 2 2 0 1 0 2789 4 1859 3 0 
924 2 2 0 1 0 2789 4 1859 3 0 
925 2 2 0 1 0 2789 4 1859 3 0 
926 2 2 0 1 0 2789 4 1859 3 0 
927 2 2 0 1 0 2789 4 1859 3 0 
928 2 2 0 1 0 2789 4 1859 3 0 
929 2 2 0 1 0 2789 4 1859 3 0 
930 2 2 0 1 0 2789 4 1859 3 0 
931 2 2 0 1 0 2789 4 1859 3 0 
932 2 2 0 1 0 2789 4 1859 3 0 
933 2 2 0 1 0 2789 4 1859 3 0 
934 2 2 0 1 0 2789 4 1859 3 0 
935 2 2 0 1 0 2789 4 1859 3 0 
936 2 2 0 1 0 2789 4 1859 3 0 
937 2 2 0 1 0 2789 4 1859 3 0 
938 2 2 0 1 0 2789 4 1859 3 0 
939 2 2 0 1 0 2789 4 1859 3 0 
940 2 2 0 1 0 2789 4 1859 3 0 
941 2 2 0 1 0 2789 4 1859 3 0 
942 2 2 0 1 0 2789 4 1859 3 0 
943 2 2 0 1 0 2789 4 1859 3 0 
944 2 2 0 1 0 2789 4 1859 3 0 
945 2 2 0 1 0 2789 4 1859 3 0 
946 2 2 0 1 0 2789 4 1859 3 0 
947 2 2 0 1 0 2789 4 1859 3 0 
948 2 2 0 1 0 2789 4 1859 3 0 
949 2 2 0 1 0 2789 4 1859 3 0 
950 2 2 0 1 0 2789 4 1859 3 0 
951 2 2 0 1 0 2789 4 1859 3 0 
952 2 2 0 1 0 2789 4 1859 3 0 
953 2 2 0 1 0 2789 4 1859 3 0 
954 2 2 0 1 0 2789 4 1859 3 0 
955 2 2 0 1 0 2789 4 1859 3 0 
956 2 2 0 1 0 2789 4 1859 3 0 
957 2 2 0 1 0 2789 4 1859 3 0 
958 2 2 0 1 0 2789 4 1859 3 0 
959 2 2 0 1 0 2789 4 1859 3 0 
960 2 2 0 1 0 2789 4 1859 3 0 
961 2 2 0 1 0 2789 4 1859 3 0 
962 2 2 0 1 0 2789 4 1859 3 0 
963 2 2 0 1 0 2789 4 1859 3 0 
964 2 2 0 1 0 2789 4 1859 3 0 
965 2 2 0 1 0 2789 4 1859 3 0 
966 2 2 0 1 0 2789 4 1859 3 0 
967 2 2 0 1 0 2789 4 1859 3 0 
968 2 2 0 1 0 2789 4 1859 3 0 
969 2 2 0 1 0 2789 4 1859 3 0 
970 2 2 0 1 0 2789 4 1859 3 0 
971 2 2 0 1 0 2789 4 1859 3 0 
972 2 2 0 1 0 2789 4 1859 3 0 
973 2 2 0 1 0 2789 4 1859 3 0 
974 2 2 0 1 0 2789 4 1859 3 0 
975 2 2 0 1 0 2789 4 1859 3 0 
976 2 2 0 1 0 2789 4 1859 3 0 
977 2 2 0 1 0 2789 4 1859 3 0 
978 2 2 0 1 0 2789 4 1859 3 0 
979 2 2 0 1 0 2789 4 1859 3 0 
980 2 2 0 1 0 2789 4 1859 3 0 
981 2 2 0 1 0 2789 4 1859 3 0 
982 2 2 0 1 0 2789 4 1859 3 0 
983 2 2 0 1 0 2789 4 1859 3 0 
984 2 2 0 1 0 2789 4 1859 3 0 
985 2 2 0 1 0 2789 4 1859 3 0 
986 2 2 0 1 0 2789 4 1859 3 0 
987 2 2 0 1 0 2789 4 1859 3 0 
988 2 2 0 1 0 2789 4 1859 3 0 
989 2 2 0 1 0 2789 4 1859 3 0 
990 2 2 0 1 0 2789 4 1859 3 0 
991 2 2 0 1 0 2789 4 1859 3 0 
992 2 2 0 1 0 2789 4 1859 3 0 
993 2 2 0 1 0 2789 4 1859 3 0 
994 2 2 0 1 0 2789 4 1859 3 0 
995 2 2 0 1 0 2789 4 1859 3 0 
996 2 2 0 1 0 2789 4 1859 3 0 
997 2 2 0 1 0 2789 4 1859 3 0 
998 2 2 0 1 0 2789 4 1859 3 0 
999 2 2 0 1 0 2789 4 1859 3 0 
1000 2 2 0 1 0 2789 4 1859 3 0 
1001 2 2 0 1 0 2789 4 1859 3 0 
1002 2 2 0 1 0 2789 4 1859 3 0 
1003 2 2 0 1 0 2789 4 1859 3 0 
1004 2 2 0 1 0 2789 4 1859 3 0 
1005 2 2 0 1 0 2789 4 1859 3 0 
1006 2 2 0 1 0 2789 4 1859 3 0 
1007 2 2 0 1 0 2789 4 1859 3 0 
1008 2 2 0 1 0 2789 4 1859 3 0 
1009 2 2 0 1 0 2789 4 1859 3 0 
1010 2 2 0 1 0 2789 4 1859 3 0 
1011 2 2 0 1 0 2789 4 1859 3 0 
1012 2 2 0 1 0 2789 4 1859 3 0 
1013 2 2 0 1 0 2789 4 1859 3 0 
1014 2 2 0 1 0 2789 4 1859 3 0 
1015 2 2 0 1 0 2789 4 1859 3 0 
1016 2 2 0 1 0 2789 4 1859 3 0 
1017 2 2 0 1 0 2789 4 1859 3 0 
1018 2 2 0 1 0 2789 4 1859 3 0 
1019 2 2 0 1 0 2789 4 1859 3 0 
1020 2 2 0 1 0 2789 4 1859 3 0 
1021 2 2 0 1 0 2789 4 1859 3 0 
1022 2 2 0 1 0 2789 4 1859 3 0 
1023 2 2 0 1 0 2789 4 1859 3 0 
1024 2 2 0 1 0 2789 4 1859 3 0 
1025 2 2 0 1 0 2789 4 1859 3 0 
1026 2 2 0 1 0 2789 4 1859 3 0 
1027 2 2 0 1 0 2789 4 1859 3 0 
1028 2 2 0 1 0 2789 4 1859 3 0 
1029 2 2 0 1 0 2789 4 1859 3 0 
1030 2 2 0 1 0 2789 4 1859 3 0 
1031 2 2 0 1 0 2789 4 1859 3 0 
1032 2 2 0 1 0 2789 4 1859 3 0 
1033 2 2 0 1 0 2789 4 1859 3 0 
1034 2 2 0 1 0 2789 4 1859 3 0 
1035 2 2 0 1 0 2789 4 1859 3 0 
1036 2 2 0 1 0 2789 4 1859 3 0 
1037 2 2 0 1 0 2789 4 1859 3 0 
1038 2 2 0 1 0 2789 4 1859 3 0 
1039 2 2 0 1 0 2789 4 1859 3 0 
1040 2 2 0 1 0 2789 4 1859 3 0 
1041 2 2 0 1 0 2789 4 1859 3 0 
1042 2 2 0 1 0 2789 4 1859 3 0 
1043 2 2 0 1 0 2789 4 1859 3 0 
1044 2 2 0 1 0 2789 4 1859 3 0 
1045 2 2 0 1 0 2789 4 1859 3 0 
1046 2 2 0 1 0 2789 4 1859 3 0 
1047 2 2 0 1 0 2789 4 1859 3 0 
1048 2 2 0 1 0 2789 4 1859 3 0 
1049 2 2 0 1 0 2789 4 1859 3 0 
1050 2 2 0 1 0 2789 4 1859 3 0 
1051 2 2 0 1 0 2789 4 1859 3 0 
1052 2 2 0 1 0 2789 4 1859 3 0 
1053 2 2 0 1 0 2789 4 1859 3 0 
1054 2 2 0 1 0 2789 4 1859 3 0 
1055 2 2 0 1 0 2789 4 1859 3 0 
1056 2 2 0 1 0 2789 4 1859 3 0 
1057 2 2 0 1 0 2789 4 1859 3 0 
1058 2 2 0 1 0 2789 4 1859 3 0 
1059 2 2 0 1 0 2789 4 1859 3 0 
1060 2 2 0 1 0 2789 4 1859 3 0 
1061 2 2 0 1 0 2789 4 1859 3 0 
1062 2 2 0 1 0 2789 4 1859 3 0 
1063 2 2 0 1 0 2789 4 1859 3 0 
1064 2 2 0 1 0 2789 4 1859 3 0 
1065 2 2 0 1 0 2789 4 1859 3 0 
1066 2 2 0 1 0 2789 4 1859 3 0 
1067 2 2 0 1 0 2789 4 1859 3 0 
1068 2 2 0 1 0 2789 4 1859 3 0 
1069 2 2 0 1 0 2789 4 1859 3 0 
1070 2 2 0 1 0 2789 4 1859 3 0 
1071 2 2 0 1 0 2789 4 1859 3 0 
1072 2 2 0 1 0 2789 4 1859 3 0 
1073 2 2 0 1 0 2789 4 1859 3 0 
1074 2 2 0 1 0 2789 4 1859 3 0 
1075 2 2 0 1 0 2789 4 1859 3 0 
1076 2 2 0 1 0 2789 4 1859 3 0 
1077 2 2 0 1 0 2789 4 1859 3 0 
1078 2 2 0 1 0 2789 4 1859 3 0 
1079 2 2 0 1 0 2789 4 1859 3 0 
1080 2 2 0 1 0 2789 4 1859 3 0 
1081 2 2 0 1 0 2789 4 1859 3 0 
1082 2 2 0 1 0 2789 4 1859 3 0 
1083 2 2 0 1 0 2789 4 1859 3 0 
1084 2 2 0 1 0 2789 4 1859 3 0 
1085 2 2 0 1 0 2789 4 1859 3 0 
1086 2 2 0 1 0 2789 4 1859 3 0 
1087 2 2 0 1 0 2789 4 1859 3 0 
1088 2 2 0 1 0 2789 4 1859 3 0 
1089 2 2 0 1 0 2789 4 1859 3 0 
1090 2 2 0 1 0 2789 4 1859 3 0 
1091 2 2 0 1 0 2789 4 1859 3 0 
1092 2 2 0 1 0 2789 4 1859 3 0 
1093 2 2 0 1 0 2789 4 1859 3 0 
1094 2 2 0 1 0 2789 4 1859 3 0 
1095 2 2 0 1 0 2789 4 1859 3 0 
1096 2 2 0 1 0 2789 4 1859 3 0 
1097 2 2 0 1 0 2789 4 1859 3 0 
1098 2 2 0 1 0 2789 4 1859 3 0 
1099 2 2 0 1 0 2789 4 1859 3 0 
1100 2 2 0 1 0 2789 4 1859 3 0 
1101 2 2 0 1 0 2789 4 1859 3 0 
1102 2 2 0 1 0 2789 4 1859 3 0 
1103 2 2 0 1 0 2789 4 1859 3 0 
1104 2 2 0 1 0 2789 4 1859 3 0 
1105 2 2 0 1 0 2789 4 1859 3 0 
1106 2 2 0 1 0 2789 4 1859 3 0 
1107 2 2 0 1 0 2789 4 1859 3 0 
1108 2 2 0 1 0 2789 4 1859 3 0 
1109 2 2 0 1 0 2789 4 1859 3 0 
1110 2 2 0 1 0 2789 4 1859 3 0 
1111 2 2 0 1 0 2789 4 1859 3 0 
1112 2 2 0 1 0 2789 4 1859 3 0 
1113 2 2 0 1 0 2789 4 1859 3 0 
1114 2 2 0 1 0 2789 4 1859 3 0 
1115 2 2 0 1 0 2789 4 1859 3 0 
1116 2 2 0 1 0 2789 4 1859 3 0 
1117 2 2 0 1 0 2789 4 1859 3 0 
1118 2 2 0 1 0 2789 4 1859 3 0 
1119 2 2 0 1 0 2789 4 1859 3 0 
1120 2 2 0 1 0 2789 4 1859 3 0 
1121 2 2 0 1 0 2789 4 1859 3 0 
1122 2 2 0 1 0 2789 4 1859 3 0 
1123 2 2 0 1 0 2789 4 1859 3 0 
1124 2 2 0 1 0 2789 4 1859 3 0 
1125 2 2 0 1 0 2789 4 1859 3 0 
1126 2 2 0 1 0 2789 4 1859 3 0 
1127 2 2 0 1 0 2789 4 1859 3 0 
1128 2 2 0 1 0 2789 4 1859 3 0 
1129 2 2 0 1 0 2789 4 1859 3 0 
1130 2 2 0 1 0 2789 4 1859 3 0 
1131 2 2 0 1 0 2789 4 1859 3 0 
1132 2 2 0 1 0 2789 4 1859 3 0 
1133 2 2 0 1 0 2789 4 1859 3 0 
1134 2 2 0 1 0 2789 4 1859 3 0 
1135 2 2 0 1 0 2789 4 1859 3 0 
1136 2 2 0 1 0 2789 4 1859 3 0 
1137 2 2 0 1 0 2789 4 1859 3 0 
1138 2 2 0 1 0 2789 4 1859 3 0 
1139 2 2 0 1 0 2789 4 1859 3 0 
1140 2 2 0 1 0 2789 4 1859 3 0 
1141 2 2 0 1 0 2789 4 1859 3 0 
1142 2 2 0 1 0 2789 4 1859 3 0 
1143 2 2 0 1 0 2789 4 1859 3 0 
1144 2 2 0 1 0 2789 4 1859 3 0 
1145 2 2 0 1 0 2789 4 1859 3 0 
1146 2 2 0 1 0 2789 4 1859 3 0 
1147 2 2 0 1 0 2789 4 1859 3 0 
1148 2 2 0 1 0 2789 4 1859 3 0 
1149 2 2 0 1 0 2789 4 1859 3 0 
1150 2 2 0 1 0 2789 4 1859 3 0 
1151 2 2 0 1 0 2789 4 1859 3 0 
1152 2 2 0 1 0 2789 4 1859 3 0 
1153 2 2 0 1 0 2789 4 1859 3 0 
1154 2 2 0 1 0 2789 4 1859 3 0 
1155 2 2 0 1 0 2789 4 1859 3 0 
1156 2 2 0 1 0 2789 4 1859 3 0 
1157 2 2 0 1 0 2789 4 1859 3 0 
1158 2 2 0 1 0 2789 4 1859 3 0 
1159 2 2 0 1 0 2789 4 1859 3 0 
1160 2 2 0 1 0 2789 4 1859 3 0 
1161 2 2 0 1 0 2789 4 1859 3 0 
1162 2 2 0 1 0 2789 4 1859 3 0 
1163 2 2 0 1 0 2789 4 1859 3 0 
1164 2 2 0 1 0 2789 4 1859 3 0 
1165 2 2 0 1 0 2789 4 1859 3 0 
1166 2 2 0 1 0 2789 4 1859 3 0 
1167 2 2 0 1 0 2789 4 1859 3 0 
1168 2 2 0 1 0 2789 4 1859 3 0 
1169 2 2 0 1 0 2789 4 1859 3 0 
1170 2 2 0 1 0 2789 4 1859 3 0 
1171 2 2 0 1 0 2789 4 1859 3 0 
1172 2 2 0 1 0 2789 4 1859 3 0 
1173 2 2 0 1 0 2789 4 1859 3 0 
1174 2 2 0 1 0 2789 4 1859 3 0 
1175 2 2 0 1 0 2789 4 1859 3 0 
1176 2 2 0 1 0 2789 4 1859 3 0 
1177 2 2 0 1 0 2789 4 1859 3 0 
1178 2 2 0 1 0 2789 4 1859 3 0 
1179 2 2 0 1 0 2789 4 1859 3 0 
1180 2 2 0 1 0 2789 4 1859 3 0 
1181 2 2 0 1 0 2789 4 1859 3 0 
1182 2 2 0 1 0 2789 4 1859 3 0 
1183 2 2 0 1 0 2789 4 1859 3 0 
1184 2 2 0 1 0 2789 4 1859 3 0 
1185 2 2 0 1 0 2789 4 1859 3 0 
1186 2 2 0 1 0 2789 4 1859 3 0 
1187 2 2 0 1 0 2789 4 1859 3 0 
1188 2 2 0 1 0 2789 4 1859 3 0 
1189 2 2 0 1 0 2789 4 1859 3 0 
1190 2 2 0 1 0 2789 4 1859 3 0 
1191 2 2 0 1 0 2789 4 1859 3 0 
1192 2 2 0 1 0 2789 4 1859 3 0 
1193 2 2 0 1 0 2789 4 1859 3 0 
1194 2 2 0 1 0 2789 4 1859 3 0 
1195 2 2 0 1 0 2789 4 1859 3 0 
1196 2 2 0 1 0 2789 4 1859 3 0 
1197 2 2 0 1 0 2789 4 1859 3 0 
1198 2 2 0 1 0 2789 4 1859 3 0 
1199 2 2 0 1 0 2789 4 1859 3 0 
1200 2 2 0 1 0 2789 4 1859 3 0 
1201 2 2 0 1 0 2789 4 1859 3 0 
1202 2 2 0 1 0 2789 4 1859 3 0 
1203 2 2 0 1 0 2789 4 1859 3 0 
1204 2 2 0 1 0 2789 4 1859 3 0 
1205 2 2 0 1 0 2789 4 1859 3 0 
1206 2 2 0 1 0 2789 4 1859 3 0 
1207 2 2 0 1 0 2789 4 1859 3 0 
1208 2 2 0 1 0 2789 4 1859 3 0 
1209 2 2 0 1 0 2789 4 1859 3 0 
1210 2 2 0 1 0 2789 4 1859 3 0 
1211 2 2 0 1 0 2789 4 1859 3 0 
1212 2 2 0 1 0 2789 4 1859 3 0 
1213 2 2 0 1 0 2789 4 1859 3 0 
1214 2 2 0 1 0 2789 4 1859 3 0 
1215 2 2 0 1 0 2789 4 1859 3 0 
1216 2 2 0 1 0 2789 4 1859 3 0 
1217 2 2 0 1 0 2789 4 1859 3 0 
1218 2 2 0 1 0 2789 4 1859 3 0 
1219 2 2 0 1 0 2789 4 1859 3 0 
1220 2 2 0 1 0 2789 4 1859 3 0 
1221 2 2 0 1 0 2789 4 1859 3 0 
1222 2 2 0 1 0 2789 4 1859 3 0 
1223 2 2 0 1 0 2789 4 1859 3 0 
1224 2 2 0 1 0 2789 4 1859 3 0 
1225 2 2 0 1 0 2789 4 1859 3 0 
1226 2 2 0 1 0 2789 4 1859 3 0 
1227 2 2 0 1 0 2789 4 1859 3 0 
1228 2 2 0 1 0 2789 4 1859 3 0 
1229 2 2 0 1 0 2789 4 1859 3 0 
1230 2 2 0 1 0 2789 4 1859 3 0 
1231 2 2 0 1 0 2789 4 1859 3 0 
1232 2 2 0 1 0 2789 4 1859 3 0 
1233 2 2 0 1 0 2789 4 1859 3 0 
1234 2 2 0 1 0 2789 4 1859 3 0 
1235 2 2 0 1 0 2789 4 1859 3 0 
1236 2 2 0 1 0 2789 4 1859 3 0 
1237 2 2 0 1 0 2789 4 1859 3 0 
1238 2 2 0 1 0 2789 4 1859 3 0 
1239 2 2 0 1 0 2789 4 1859 3 0 
1240 2 2 0 1 0 2789 4 1859 3 0 
1241 2 2 0 1 0 2789 4 1859 3 0 
1242 2 2 0 1 0 2789 4 1859 3 0 
1243 2 2 0 1 0 2789 4 1859 3 0 
1244 2 2 0 1 0 2789 4 1859 3 0 
1245 2 2 0 1 0 2789 4 1859 3 0 
1246 2 2 0 1 0 2789 4 1859 3 0 
1247 2 2 0 1 0 2789 4 1859 3 0 
1248 2 2 0 1 0 2789 4 1859 3 0 
1249 2 2 0 1 0 2789 4 1859 3 0 
1250 2 2 0 1 0 2789 4 1859 3 0 
1251 2 2 0 1 0 2789 4 1859 3 0 
1252 2 2 0 1 0 2789 4 1859 3 0 
1253 2 2 0 1 0 2789 4 1859 3 0 
1254 2 2 0 1 0 2789 4 1859 3 0 
1255 2 2 0 1 0 2789 4 1859 3 0 
1256 2 2 0 1 0 2789 4 1859 3 0 
1257 2 2 0 1 0 2789 4 1859 3 0 
1258 2 2 0 1 0 2789 4 1859 3 0 
1259 2 2 0 1 0 2789 4 1859 3 0 
1260 2 2 0 1 0 2789 4 1859 3 0 
1261 2 2 0 1 0 2789 4 1859 3 0 
1262 2 2 0 1 0 2789 4 1859 3 0 
1263 2 2 0 1 0 2789 4 1859 3 0 
1264 2 2 0 1 0 2789 4 1859 3 0 
1265 2 2 0 1 0 2789 4 1859 3 0 
1266 2 2 0 1 0 2789 4 1859 3 0 
1267 2 2 0 1 0 2789 4 1859 3 0 
1268 2 2 0 1 0 2789 4 1859 3 0 
1269 2 2 0 1 0 2789 4 1859 3 0 
1270 3 2 0 1 0 2789 4 1859 3 0 
1271 3 2 0 1 0 2789 4 1859 3 0 
1272 3 2 0 1 0 2789 4 1859 3 0 
1273 3 2 0 1 0 2789 4 1859 3 0 
1274 3 2 0 1 0 2789 4 1859 3 0 
1275 3 2 0 1 0 2789 4 1859 3 0 
1276 3 2 0 1 0 2789 4 1859 3 0 
1277 3 2 0 1 0 2789 4 1859 3 0 
1278 3 2 0 1 0 2789 4 1859 3 0 
1279 3 2 0 1 0 2789 4 1859 3 0 
1280 3 2 0 1 0 2789 4 1859 3 0 
1281 3 2 0 1 0 2789 4 1859 3 0 
1282 3 2 0 1 0 2789 4 1859 3 0 
1283 3 2 0 1 0 2789 4 1859 3 0 
1284 3 2 0 1 0 2789 4 1859 3 0 
1285 3 2 0 1 0 2789 4 1859 3 0 
1286 3 2 0 1 0 2789 4 1859 3 0 
1287 3 2 0 1 0 2789 4 1859 3 0 
1288 3 2 0 1 0 2789 4 1859 3 0 
1289 3 2 0 1 0 2789 4 1859 3 0 
1290 3 2 0 1 0 2789 4 1859 3 0 
1291 3 2 0 1 0 2789 4 1859 3 0 
1292 3 2 0 1 0 2789 4 1859 3 0 
1293 3 2 0 1 0 2789 4 1859 3 0 
1294 3 2 0 1 0 2789 4 1859 3 0 
1295 3 2 0 1 0 2789 4 1859 3 0 
1296 3 2 0 1 0 2789 4 1859 3 0 
1297 3 2 0 1 0 2789 4 1859 3 0 
1298 3 2 0 1 0 2789 4 1859 3 0 
1299 3 2 0 1 0 2789 4 1859 3 0 
1300 3 2 0 1 0 2789 4 1859 3 0 
1301 3 2 0 1 0 2789 4 1859 3 0 
1302 3 2 0 1 0 2789 4 1859 3 0 
1303 3 2 0 1 0 2789 4 1859 3 0 
1304 3 2 0 1 0 2789 4 1859 3 0 
1305 3 2 0 1 0 2789 4 1859 3 0 
1306 3 2 0 1 0 2789 4 1859 3 0 
1307 3 2 0 1 0 2789 4 1859 3 0 
1308 3 2 0 1 0 2789 4 1859 3 0 
1309 3 2 0 1 0 2789 4 1859 3 0 
1310 3 2 0 1 0 2789 4 1859 3 0 
1311 3 2 0 1 0 2789 4 1859 3 0 
1312 3 2 0 1 0 2789 4 1859 3 0 
1313 3 2 0 1 0 2789 4 1859 3 0 
1314 3 2 0 1 0 2789 4 1859 3 0 
1315 3 2 0 1 0 2789 4 1859 3 0 
1316 3 2 0 1 0 2789 4 1859 3 0 
1317 3 2 0 1 0 2789 4 1859 3 0 
1318 3 2 0 1 0 2789 4 1859 3 0 
1319 3 2 0 1 0 2789 4 1859 3 0 
1320 3 2 0 1 0 2789 4 1859 3 0 
1321 3 2 0 1 0 2789 4 1859 3 0 
1322 3 0 0 0 0 2792 4 1861 0 0 
1323 3 0 0 0 0 2795 4 1863 0 0 
1324 3 0 0 0 0 2798 4 1865 0 0 
1325 3 0 0 0 0 2801 4 1867 0 0 
1326 3 0 0 0 0 2804 4 1869 0 0 
1327 3 0 0 0 0 2807 4 1871 0 0 
1328 3 0 0 0 0 2810 4 1873 0 0 
1329 3 0 0 0 0 2813 4 1875 0 0 
1330 3 0 0 0 0 2816 4 1877 0 0 
1331 3 0 0 0 0 2819 4 1879 0 0 
1332 3 0 0 0 0 2822 4 1881 0 0 
1333 3 0 0 0 0 2825 4 1883 0 0 
1334 3 0 0 0 0 2828 4 1885 0 0 
1335 3 0 0 0 0 2831 4 1887 0 0 
1336 3 0 0 0 0 2834 4 1889 0 0 
1337 3 0 0 0 0 2837 4 1891 0 0 
1338 3 0 0 0 0 2840 4 1893 0 0 
1339 3 0 0 0 0 2843 4 1895 0 0 
1340 3 0 0 0 0 2846 4 1897 0 0 
1341 3 0 0 0 0 2849 4 1899 0 0 
1342 3 0 0 0 0 2852 4 1901 0 0 
1343 3 0 0 0 0 2855 4 1903 0 0 
1344 3 0 0 0 0 2858 4 1905 0 0 
1345 3 0 0 0 0 2861 4 1907 0 0 
1346 3 0 0 0 0 2864 4 1909 0 0 
1347 3 0 0 0 0 2867 4 1911 0 0 
1348 3 0 0 0 0 2870 4 1913 0 0 
1349 3 0 0 0 0 2873 4 1915 0 0 
1350 3 0 0 0 0 2876 4 1917 0 0 
1351 3 0 0 0 0 2879 4 1919 0 0 
1352 3 0 0 0 0 2882 4 1921 0 0 
1353 3 0 0 0 0 2885 4 1923 0 0 
1354 3 0 0 0 0 2888 4 1925 0 0 
1355 3 0 0 0 0 2891 4 1927 0 0 
1356 3 0 0 0 0 2894 4 1929 0 0 
1357 3 0 0 0 0 2897 4 1931 0 0 
1358 3 0 0 0 0 2900 4 1933 0 0 
1359 3 0 0 0 0 2903 4 1935 0 0 
1360 3 0 0 0 0 2906 4 1937 0 0 
1361 3 0 0 0 0 2909 4 1939 0 0 
1362 3 0 0 0 0 2912 4 1941 0 0 
1363 3 0 0 0 0 2915 4 1943 0 0 
1364 3 0 0 0 0 2918 4 1945 0 0 
1365 3 0 0 0 0 2921 4 1947 0 0 
1366 3 0 0 0 0 2924 4 1949 0 0 
1367 3 0 0 0 0 2927 4 1951 0 0 
1368 3 0 0 0 0 2930 4 1953 0 0 
1369 3 0 0 0 0 2933 4 1955 0 0 
1370 3 0 0 0 0 2936 4 1957 0 0 
1371 3 0 0 0 0 2939 4 1959 0 0 
1372 3 0 0 0 0 2942 4 1961 0 0 
1373 3 0 0 0 0 2945 4 1963 0 0 
1374 3 0 0 0 0 2948 4 1965 0 0 
1375 3 0 0 0 0 2951 4 1967 0 0 
1376 3 0 0 0 0 2954 4 1969 0 0 
1377 3 0 0 0 0 2957 4 1971 0 0 
1378 3 0 0 0 0 2960 4 1973 0 0 
1379 3 0 0 0 0 2963 4 1975 0 0 
1380 3 0 0 0 0 2966 4 1977 0 0 
1381 3 0 0 0 0 2969 4 1979 0 0 
1382 3 0 0 0 0 2972 4 1981 0 0 
1383 3 0 0 0 0 2975 4 1983 0 0 
1384 3 0 0 0 0 2978 4 1985 0 0 
1385 3 0 0 0 0 2981 4 1987 0 0 
1386 3 0 0 0 0 2984 4 1989 0 0 
1387 3 0 0 0 0 2987 4 1991 0 0 
1388 3 0 0 0 0 2990 4 1993 0 0 
1389 3 0 0 0 0 2993 4 1995 0 0 
1390 3 0 0 0 0 2996 4 1997 0 0 
1391 3 0 0 0 0 2999 4 1999 0 0 
1392 3 0 0 0 0 3002 4 2001 0 0 
1393 3 0 0 0 0 3005 4 2003 0 0 
1394 3 0 0 0 0 3008 4 2005 0 0 
1395 3 0 0 0 0 3011 4 2007 0 0 
1396 3 0 0 0 0 3014 4 2009 0 0 
1397 3 0 0 0 0 3017 4 2011 0 0 
1398 3 0 0 0 0 3020 4 2013 0 0 
1399 3 0 0 0 0 3023 4 2015 0 0 
1400 3 0 0 0 0 3026 4 2017 0 0 
1401 3 0 0 0 0 3029 4 2019 0 0 
1402 3 0 0 0 0 3032 4 2021 0 0 
1403 3 0 0 0 0 3035 4 2023 0 0 
1404 3 0 0 0 0 3038 4 2025 0 0 
1405 3 0 0 0 0 3041 4 2027 0 0 
1406 3 0 0 0 0 3044 4 2029 0 0 
1407 3 0 0 0 0 3047 4 2031 0 0 
1408 3 0 0 0 0 3050 4 2033 0 0 
1409 3 0 0 0 0 3053 4 2035 0 0 
1410 3 0 0 0 0 3056 4 2037 0 0 
1411 3 0 0 0 0 3059 4 2039 0 0 
1412 3 0 0 0 0 3062 4 2041 0 0 
1413 3 0 0 0 0 3065 4 2043 0 0 
1414 3 0 0 0 0 3068 4 2045 0 0 
1415 3 0 0 0 0 3071 4 2047 0 0 
1416 3 0 0 0 0 3074 4 2049 0 0 
1417 3 0 0 0 0 3077 4 2051 0 0 
1418 3 0 0 0 0 3080 4 2053 0 0 
1419 3 0 0 0 0 3083 4 2055 0 0 
1420 3 0 0 0 0 3086 4 2057 0 0 
1421 3 0 0 0 0 3089 4 2059 0 0 
1422 3 0 0 0 0 3092 4 2061 0 0 
1423 3 0 0 0 0 3095 4 2063 0 0 
1424 3 0 0 0 0 3098 4 2065 0 0 
1425 3 0 0 0 0 3101 4 2067 0 0 
1426 3 0 0 0 0 3104 4 2069 0 0 
1427 3 0 0 0 0 3107 4 2071 0 0 
1428 3 0 0 0 0 3110 4 2073 0 0 
1429 3 0 0 0 0 3113 4 2075 0 0 
1430 3 0 0 0 0 3116 4 2077 0 0 
1431 3 0 0 0 0 3119 4 2079 0 0 
1432 3 0 0 0 0 3122 4 2081 0 0 
1433 3 0 0 0 0 3125 4 2083 0 0 
1434 3 0 0 0 0 3128 4 2085 0 0 
1435 3 0 0 0 0 3131 4 2087 0 0 
1436 3 0 0 0 0 3134 4 2089 0 0 
1437 3 0 0 0 0 3137 4 2091 0 0 
1438 3 0 0 0 0 3140 4 2093 0 0 
1439 3 0 0 0 0 3143 4 2095 0 0 
1440 3 0 0 0 0 3146 4 2097 0 0 
1441 3 0 0 0 0 3149 4 2099 0 0 
1442 3 0 0 0 0 3152 4 2101 0 0 
1443 3 0 0 0 0 3155 4 2103 0 0 
1444 3 0 0 0 0 3158 4 2105 0 0 
1445 3 0 0 0 0 3161 4 2107 0 0 
1446 3 0 0 0 0 3164 4 2109 0 0 
1447 3 0 0 0 0 3167 4 2111 0 0 
1448 3 0 0 0 0 3170 4 2113 0 0 
1449 3 0 0 0 0 3173 4 2115 0 0 
1450 3 0 0 0 0 3176 4 2117 0 0 
1451 3 0 0 0 0 3179 4 2119 0 0 
1452 3 0 0 0 0 3182 4 2121 0 0 
1453 3 0 0 0 0 3185 4 2123 0 0 
1454 3 0 0 0 0 3188 4 2125 0 0 
1455 3 0 0 0 0 3191 4 2127 0 0 
1456 3 0 0 0 0 3194 4 2129 0 0 
1457 3 0 0 0 0 3197 4 2131 0 0 
1458 3 0 0 0 0 3200 4 2133 0 0 
1459 3 0 0 0 0 3203 4 2135 0 0 
1460 3 0 0 0 0 3206 4 2137 0 0 
1461 3 0 0 0 0 3209 4 2139 0 0 
1462 3 0 0 0 0 3212 4 2141 0 0 
1463 3 0 0 0 0 3215 4 2143 0 0 
1464 3 0 0 0 0 3218 4 2145 0 0 
1465 3 0 0 0 0 3221 4 2147 0 0 
1466 3 0 0 0 0 3224 4 2149 0 0 
1467 3 0 0 0 0 3227 4 2151 0 0 
1468 3 0 0 0 0 3230 4 2153 0 0 
1469 3 0 0 0 0 3233 4 2155 0 0 
1470 3 0 0 0 0 3236 4 2157 0 0 
1471 3 0 0 0 0 3239 4 2159 0 0 
1472 3 0 0 0 0 3242 4 2161 0 0 
1473 3 0 0 0 0 3245 4 2163 0 0 
1474 3 0 0 0 0 3248 4 2165 0 0 
1475 3 0 0 0 0 3251 4 2167 0 0 
1476 3 0 0 0 0 3254 4 2169 0 0 
1477 3 0 0 0 0 3257 4 2171 0 0 
1478 3 0 0 0 0 3260 4 2173 0 0 
1479 3 0 0 0 0 3263 4 2175 0 0 
1480 3 0 0 0 0 3266 4 2177 0 0 
1481 3 0 0 0 0 3269 4 2179 0 0 
1482 3 0 0 0 0 3272 4 2181 0 0 
1483 3 0 0 0 0 3275 4 2183 0 0 
1484 3 0 0 0 0 3278 4 2185 0 0 
1485 3 0 0 0 0 3281 4 2187 0 0 
1486 3 0 0 0 0 3284 4 2189 0 0 
1487 3 0 0 0 0 3287 4 2191 0 0 
1488 3 0 0 0 0 3290 4 2193 0 0 
1489 3 0 0 0 0 3293 4 2195 0 0 
1490 3 0 0 0 0 3296 4 2197 0 0 
1491 3 0 0 0 0 3299 4 2199 0 0 
1492 3 0 0 0 0 3302 4 2201 0 0 
1493 3 0 0 0 0 3305 4 2203 0 0 
1494 3 0 0 0 0 3308 4 2205 0 0 
1495 3 0 0 0 0 3311 4 2207 0 0 
1496 3 0 0 0 0 3314 4 2209 0 0 
1497 3 0 0 0 0 3317 4 2211 0 0 
1498 3 0 0 0 0 3320 4 2213 0 0 
1499 3 0 0 0 0 3323 4 2215 0 0 
1500 3 0 0 0 0 3326 4 2217 0 0 
1501 3 0 0 0 0 3329 4 2219 0 0 
1502 3 0 0 0 0 3332 4 2221 0 0 
1503 3 0 0 0 0 3335 4 2223 0 0 
1504 3 0 0 0 0 3338 4 2225 0 0 
1505 3 0 0 0 0 3341 4 2227 0 0 
1506 3 0 0 0 0 3344 4 2229 0 0 
1507 3 0 0 0 0 3347 4 2231 0 0 
1508 3 0 0 0 0 3350 4 2233 0 0 
1509 3 0 0 0 0 3353 4 2235 0 0 
1510 3 0 0 0 0 3356 4 2237 0 0 
1511 3 0 0 0 0 3359 4 2239 0 0 
1512 3 0 0 0 0 3362 4 2241 0 0 
1513 3 0 0 0 0 3365 4 2243 0 0 
1514 3 0 0 0 0 3368 4 2245 0 0 
1515 3 0 0 0 0 3371 4 2247 0 0 
1516 3 0 0 0 0 3374 4 2249 0 0 
1517 3 0 0 0 0 3377 4 2251 0 0 
1518 3 0 0 0 0 3380 4 2253 0 0 
1519 3 0 0 0 0 3383 4 2255 0 0 
1520 3 0 0 0 0 3386 4 2257 0 0 
1521 3 0 0 0 0 3389 4 2259 0 0 
1522 3 0 0 0 0 3392 4 2261 0 0 
1523 3 0 0 0 0 3395 4 2263 0 0 
1524 3 0 0 0 0 3398 4 2265 0 0 
1525 3 0 0 0 0 3401 4 2267 0 0 
1526 3 0 0 0 0 3404 4 2269 0 0 
1527 3 0 0 0 0 3407 4 2271 0 0 
1528 3 0 0 0 0 3410 4 2273 0 0 
1529 3 0 0 0 0 3413 4 2275 0 0 
1530 3 0 0 0 0 3416 4 2277 0 0 
1531 3 0 0 0 0 3419 4 2279 0 0 
1532 3 0 0 0 0 3422 4 2281 0 0 
1533 3 0 0 0 0 3425 4 2283 0 0 
1534 3 0 0 0 0 3428 4 2285 0 0 
1535 3 0 0 0 0 3431 4 2287 0 0 
1536 3 0 0 0 0 3434 4 2289 0 0 
1537 3 0 0 0 0 3437 4 2291 0 0 
1538 3 0 0 0 0 3440 4 2293 0 0 
1539 3 0 0 0 0 3443 4 2295 0 0 
1540 3 0 0 0 0 3446 4 2297 0 0 
1541 3 0 0 0 0 3449 4 2299 0 0 
1542 3 0 0 0 0 3452 4 2301 0 0 
1543 3 0 0 0 0 3455 4 2303 0 0 
1544 3 0 0 0 0 3458 4 2305 0 0 
1545 3 0 0 0 0 3461 4 2307 0 0 
1546 3 0 0 0 0 3464 4 2309 0 0 
1547 3 0 0 0 0 3467 4 2311 0 0 
1548 3 0 0 0 0 3470 4 2313 0 0 
1549 3 0 0 0 0 3473 4 2315 0 0 
1550 3 0 0 0 0 3476 4 2317 0 0 
1551 3 0 0 0 0 3479 4 2319 0 0 
1552 3 0 0 0 0 3482 4 2321 0 0 
1553 3 0 0 0 0 3485 4 2323 0 0 
1554 3 0 0 0 0 3488 4 2325 0 0 
1555 3 0 0 0 0 3491 4 2327 0 0 
1556 3 0 0 0 0 3494 4 2329 0 0 
1557 3 0 0 0 0 3497 4 2331 0 0 
1558 3 0 0 0 0 3500 4 2333 0 0 
1559 3 0 0 0 0 3503 4 2335 0 0 
1560 3 0 0 0 0 3506 4 2337 0 0 
1561 3 0 0 0 0 3509 4 2339 0 0 
1562 3 0 0 0 0 3512 4 2341 0 0 
1563 3 0 0 0 0 3515 4 2343 0 0 
1564 3 0 0 0 0 3518 4 2345 0 0 
1565 3 0 0 0 0 3521 4 2347 0 0 
1566 3 0 0 0 0 3524 4 2349 0 0 
1567 3 0 0 0 0 3527 4 2351 0 0 
1568 3 0 0 0 0 3530 4 2353 0 0 
1569 3 0 0 0 0 3533 4 2355 0 0 
1570 3 0 0 0 0 3536 4 2357 0 0 
1571 3 0 0 0 0 3539 4 2359 0 0 
1572 3 0 0 0 0 3542 4 2361 0 0 
1573 3 0 0 0 0 3545 4 2363 0 0 
1574 3 0 0 0 0 3548 4 2365 0 0 
1575 3 0 0 0 0 3551 4 2367 0 0 
1576 3 0 0 0 0 3554 4 2369 0 0 
1577 3 0 0 0 0 3557 4 2371 0 0 
1578 3 0 0 0 0 3560 4 2373 0 0 
1579 3 0 0 0 0 3563 4 2375 0 0 
1580 3 0 0 0 0 3566 4 2377 0 0 
1581 3 0 0 0 0 3569 4 2379 0 0 
1582 3 0 0 0 0 3572 4 2381 0 0 
1583 3 0 0 0 0 3575 4 2383 0 0 
1584 3 0 0 0 0 3578 4 2385 0 0 
1585 3 0 0 0 0 3581 4 2387 0 0 
1586 3 0 0 0 0 3584 4 2389 0 0 
1587 3 0 0 0 0 3587 4 2391 0 0 
1588 3 0 0 0 0 3590 4 2393 0 0 
1589 3 0 0 0 0 3593 4 2395 0 0 
1590 3 0 0 0 0 3596 4 2397 0 0 
1591 3 0 0 0 0 3599 4 2399 0 0 
1592 3 0 0 0 0 3602 4 2401 0 0 
1593 3 0 0 0 0 3605 4 2403 0 0 
1594 3 0 0 0 0 3608 4 2405 0 0 
1595 3 0 0 0 0 3611 4 2407 0 0 
1596 3 0 0 0 0 3614 4 2409 0 0 
1597 3 0 0 0 0 3617 4 2411 0 0 
1598 3 0 0 0 0 3620 4 2413 0 0 
1599 3 0 0 0 0 3623 4 2415 0 0 
1600 3 0 0 0 0 3626 4 2417 0 0 
1601 3 0 0 0 0 3629 4 2419 0 0 
1602 3 0 0 0 0 3632 4 2421 0 0 
1603 3 0 0 0 0 3635 4 2423 0 0 
1604 3 0 0 0 0 3638 4 2425 0 0 
1605 3 0 0 0 0 3641 4 2427 0 0 
1606 3 0 0 0 0 3644 4 2429 0 0 
1607 3 0 0 0 0 3647 4 2431 0 0 
1608 3 0 0 0 0 3650 4 2433 0 0 
1609 3 0 0 0 0 3653 4 2435 0 0 
1610 3 0 0 0 0 3656 4 2437 0 0 
1611 3 0 0 0 0 3659 4 2439 0 0 
1612 3 0 0 0 0 3662 4 2441 0 0 
1613 3 0 0 0 0 3665 4 2443 0 0 
1614 3 0 0 0 0 3668 4 2445 0 0 
1615 3 0 0 0 0 3671 4 2447 0 0 
1616 3 0 0 0 0 3674 4 2449 0 0 
1617 3 0 0 0 0 3677 4 2451 0 0 
1618 3 0 0 0 0 3680 4 2453 0 0 
1619 3 0 0 0 0 3683 4 2455 0 0 
1620 3 0 0 0 0 3686 4 2457 0 0 
1621 3 0 0 0 0 3689 4 2459 0 0 
1622 3 0 0 0 0 3692 4 2461 0 0 
1623 3 0 0 0 0 3695 4 2463 0 0 
1624 3 0 0 0 0 3698 4 2465 0 0 
1625 3 0 0 0 0 3701 4 2467 0 0 
1626 3 0 0 0 0 3704 4 2469 0 0 
1627 3 0 0 0 0 3707 4 2471 0 0 
1628 3 0 0 0 0 3710 4 2473 0 0 
1629 3 0 0 0 0 3713 4 2475 0 0 
1630 3 0 0 0 0 3716 4 2477 0 0 
1631 3 0 0 0 0 3719 4 2479 0 0 
1632 3 0 0 0 0 3722 4 2481 0 0 
1633 3 0 0 0 0 3725 4 2483 0 0 
1634 3 0 0 0 0 3728 4 2485 0 0 
1635 3 0 0 0 0 3731 4 2487 0 0 
1636 3 0 0 0 0 3734 4 2489 0 0 
1637 3 0 0 0 0 3737 4 2491 0 0 
1638 3 0 0 0 0 3740 4 2493 0 0 
1639 3 0 0 0 0 3743 4 2495 0 0 
1640 3 0 0 0 0 3746 4 2497 0 0 
1641 3 0 0 0 0 3749 4 2499 0 0 
1642 3 0 0 0 0 3752 4 2501 0 0 
1643 3 0 0 0 0 3755 4 2503 0 0 
1644 3 0 0 0 0 3758 4 2505 0 0 
1645 3 0 0 0 0 3761 4 2507 0 0 
1646 3 0 0 0 0 3764 4 2509 0 0 
1647 3 0 0 0 0 3767 4 2511 0 0 
1648 3 0 0 0 0 3770 4 2513 0 0 
1649 3 0 0 0 0 3773 4 2515 0 0 
1650 3 0 0 0 0 3776 4 2517 0 0 
1651 3 0 0 0 0 3779 4 2519 0 0 
1652 3 0 0 0 0 3782 4 2521 0 0 
1653 3 0 0 0 0 3785 4 2523 0 0 
1654 3 0 0 0 0 3788 4 2525 0 0 
1655 3 0 0 0 0 3791 4 2527 0 0 
1656 3 0 0 0 0 3794 4 2529 0 0 
1657 3 0 0 0 0 3797 4 2531 0 0 
1658 3 0 0 0 0 3800 4 2533 0 0 
1659 3 0 0 0 0 3803 4 2535 0 0 
1660 3 0 0 0 0 3806 4 2537 0 0 
1661 3 0 0 0 0 3809 4 2539 0 0 
1662 3 0 0 0 0 3812 4 2541 0 0 
1663 3 0 0 0 0 3815 4 2543 0 0 
1664 3 0 0 0 0 3818 4 2545 0 0 
1665 3 0 0 0 0 3821 4 2547 0 0 
1666 3 0 0 0 0 3824 4 2549 0 0 
1667 3 0 0 0 0 3827 4 2551 0 0 
1668 3 0 0 0 0 3830 4 2553 0 0 
1669 3 0 0 0 0 3833 4 2555 0 0 
1670 3 0 0 0 0 3836 4 2557 0 0 
1671 3 0 0 0 0 3839 4 2559 0 0 
1672 3 0 0 0 0 3842 4 2561 0 0 
1673 4 0 0 0 0 3845 4 2563 0 0 
1674 4 0 0 0 0 3848 4 2565 0 0 
1675 4 0 0 0 0 3851 4 2567 0 0 
1676 4 0 0 0 0 3854 4 2569 0 0 
1677 4 0 0 0 0 3857 4 2571 0 0 
1678 4 0 0 0 0 3860 4 2573 0 0 
1679 4 0 0 0 0 3863 4 2575 0 0 
1680 4 0 0 0 0 3866 4 2577 0 0 
1681 4 0 0 0 0 3869 4 2579 0 0 
1682 4 0 0 0 0 3872 4 2581 0 0 
1683 4 0 0 0 0 3875 4 2583 0 0 
1684 4 0 0 0 0 3878 4 2585 0 0 
1685 4 0 0 0 0 3881 4 2587 0 0 
1686 4 0 0 0 0 3884 4 2589 0 0 
1687 4 0 0 0 0 3887 4 2591 0 0 
1688 4 0 0 0 0 3890 4 2593 0 0 
1689 4 0 0 0 0 3893 4 2595 0 0 
1690 4 0 0 0 0 3896 4 2597 0 0 
1691 4 0 0 0 0 3899 4 2599 0 0 
1692 4 0 0 0 0 3902 4 2601 0 0 
1693 4 0 0 0 0 3905 4 2603 0 0 
1694 4 0 0 0 0 3908 4 2605 0 0 
1695 4 0 0 0 0 3911 4 2607 0 0 
1696 4 0 0 0 0 3914 4 2609 0 0 
1697 4 0 0 0 0 3917 4 2611 0 0 
1698 4 0 0 0 0 3920 4 2613 0 0 
1699 4 0 0 0 0 3923 4 2615 0 0 
1700 4 0 0 0 0 3926 4 2617 0 0 
1701 4 0 0 0 0 3929 4 2619 0 0 
1702 4 0 0 0 0 3932 4 2621 0 0 
1703 4 0 0 0 0 3935 4 2623 0 0 
1704 4 0 0 0 0 3938 4 2625 0 0 
1705 4 0 0 0 0 3941 4 2627 0 0 
1706 4 0 0 0 0 3944 4 2629 0 0 
1707 4 0 0 0 0 3947 4 2631 0 0 
1708 4 0 0 0 0 3950 4 2633 0 0 
1709 4 0 0 0 0 3953 4 2635 0 0 
1710 4 0 0 0 0 3956 4 2637 0 0 
1711 4 0 0 0 0 3959 4 2639 0 0 
1712 4 0 0 0 0 3962 4 2641 0 0 
1713 4 0 0 0 0 3965 4 2643 0 0 
1714 4 0 0 0 0 3968 4 2645 0 0 
1715 4 0 0 0 0 3971 4 2647 0 0 
1716 4 0 0 0 0 3974 4 2649 0 0 
1717 4 0 0 0 0 3977 4 2651 0 0 
1718 4 0 0 0 0 3980 4 2653 0 0 
1719 4 0 0 0 0 3983 4 2655 0 0 
1720 4 0 0 0 0 3986 4 2657 0 0 
1721 4 0 0 0 0 3989 4 2659 0 0 
1722 4 0 0 0 0 3992 4 2661 0 0 
1723 4 0 0 0 0 3995 4 2663 0 0 
1724 4 0 0 0 0 3998 4 2665 0 0 
1725 4 0 1 0 1 4001 4 2667 0 1 
1726 4 0 1 0 1 4004 4 2669 0 1 
1727 4 0 1 0 1 4007 4 2671 0 1 
1728 4 0 1 0 1 4010 4 2673 0 1 
1729 4 0 1 0 1 4013 4 2675 0 1 
1730 4 0 1 0 1 4016 4 2677 0 1 
1731 4 0 1 0 1 4019 4 2679 0 1 
1732 4 0 1 0 1 4022 4 2681 0 1 
1733 4 0 1 0 1 4025 4 2683 0 1 
1734 4 0 1 0 1 4028 4 2685 0 1 
1735 4 0 1 0 1 4031 4 2687 0 1 
1736 4 0 1 0 1 4034 4 2689 0 1 
1737 4 0 1 0 1 4037 4 2691 0 1 
1738 4 0 1 0 1 4040 4 2693 0 1 
1739 4 0 1 0 1 4043 4 2695 0 1 
1740 4 0 1 0 1 4046 4 2697 0 1 
1741 4 0 1 0 1 4049 4 2699 0 1 
1742 4 0 1 0 1 4052 4 2701 0 1 
1743 4 0 1 0 1 4055 4 2703 0 1 
1744 4 0 1 0 1 4058 4 2705 0 1 
1745 4 0 1 0 1 4061 4 2707 0 1 
1746 4 0 1 0 1 4064 4 2709 0 1 
1747 4 0 1 0 1 4067 4 2711 0 1 
1748 4 0 1 0 1 4070 4 2713 0 1 
1749 4 0 1 0 1 4073 4 2715 0 1 
1750 4 0 1 0 1 4076 4 2717 0 1 
1751 4 0 1 0 1 4079 4 2719 0 1 
1752 4 0 1 0 1 4082 4 2721 0 1 
1753 4 0 1 0 1 4085 4 2723 0 1 
1754 4 0 1 0 1 4088 4 2725 0 1 
1755 4 0 1 0 1 4091 4 2727 0 1 
1756 4 0 1 0 1 4094 4 2729 0 1 
1757 4 0 1 0 1 4097 4 2731 0 1 
1758 4 0 1 0 1 4100 4 2733 0 1 
1759 4 0 1 0 1 4103 4 2735 0 1 
1760 4 0 1 0 1 4106 4 2737 0 1 
1761 4 0 1 0 1 4109 4 2739 0 1 
1762 4 0 1 0 1 4112 4 2741 0 1 
1763 4 0 1 0 1 4115 4 2743 0 1 
1764 4 0 1 0 1 4118 4 2745 0 1 
1765 4 0 1 0 1 4121 4 2747 0 1 
1766 4 0 1 0 1 4124 4 2749 0 1 
1767 4 0 1 0 1 4127 4 2751 0 1 
1768 4 0 1 0 1 4130 4 2753 0 1 
1769 4 0 1 0 1 4133 4 2755 0 1 
1770 4 0 1 0 1 4136 4 2757 0 1 
1771 4 0 1 0 1 4139 4 2759 0 1 
1772 4 0 1 0 1 4142 4 2761 0 1 
1773 4 0 1 0 1 4145 4 2763 0 1 
1774 4 0 1 0 1 4148 4 2765 0 1 
1775 4 0 1 0 1 4151 4 2767 0 1 
1776 4 0 1 0 1 4154 4 2769 0 1 
1777 4 0 1 0 1 4157 4 2771 0 1 
1778 4 0 1 0 1 4160 4 2773 0 1 
1779 4 0 1 0 1 4163 4 2775 0 1 
1780 4 0 1 0 1 4166 4 2777 0 1 
1781 4 0 1 0 1 4169 4 2779 0 1 
1782 4 0 1 0 1 4172 4 2781 0 1 
1783 4 0 1 0 1 4175 4 2783 0 1 
1784 4 0 1 0 1 4178 4 2785 0 1 
1785 4 0 1 0 1 4181 4 2787 0 1 
1786 4 0 1 0 1 4184 4 2789 0 1 
1787 4 0 1 0 1 4187 4 2791 0 1 
1788 4 0 1 0 1 4190 4 2793 0 1 
1789 4 0 1 0 1 4193 4 2795 0 1 
1790 4 0 1 0 1 4196 4 2797 0 1 
1791 4 0 1 0 1 4199 4 2799 0 1 
1792 4 0 1 0 1 4202 4 2801 0 1 
1793 4 0 1 0 1 4205 4 2803 0 1 
1794 4 0 1 0 1 4208 4 2805 0 1 
1795 4 0 1 0 1 4211 4 2807 0 1 
1796 4 0 1 0 1 4214 4 2809 0 1 
1797 4 0 1 0 1 4217 4 2811 0 1 
1798 4 0 1 0 1 4220 4 2813 0 1 
1799 4 0 1 0 1 4223 4 2815 0 1 
1800 4 0 1 0 1 4226 4 2817 0 1 
1801 4 0 1 0 1 4229 4 2819 0 1 
1802 4 0 1 0 1 4232 4 2821 0 1 
1803 4 0 1 0 1 4235 4 2823 0 1 
1804 4 0 1 0 1 4238 4 2825 0 1 
1805 4 0 1 0 1 4241 4 2827 0 1 
1806 4 0 1 0 1 4244 4 2829 0 1 
1807 4 0 1 0 1 4247 4 2831 0 1 
1808 4 0 1 0 1 4250 4 2833 0 1 
1809 4 0 1 0 1 4253 4 2835 0 1 
1810 4 0 1 0 1 4256 4 2837 0 1 
1811 4 0 1 0 1 4259 4 2839 0 1 
1812 4 0 1 0 1 4262 4 2841 0 1 
1813 4 0 1 0 1 4265 4 2843 0 1 
1814 4 0 1 0 1 4268 4 2845 0 1 
1815 4 0 1 0 1 4271 4 2847 0 1 
1816 4 0 1 0 1 4274 4 2849 0 1 
1817 4 0 1 0 1 4277 4 2851 0 1 
1818 4 0 1 0 1 4280 4 2853 0 1 
1819 4 0 1 0 1 4283 4 2855 0 1 
1820 4 0 1 0 1 4286 4 2857 0 1 
1821 4 0 1 0 1 4289 4 2859 0 1 
1822 4 0 1 0 1 4292 4 2861 0 1 
1823 4 0 1 0 1 4295 4 2863 0 1 
1824 4 0 1 0 1 4298 4 2865 0 1 
1825 4 0 1 0 1 4301 4 2867 0 1 
1826 4 0 1 0 1 4304 4 2869 0 1 
1827 4 0 1 0 1 4307 4 2871 0 1 
1828 4 0 1 0 1 4310 4 2873 0 1 
1829 4 0 1 0 1 4313 4 2875 0 1 
1830 4 0 1 0 1 4316 4 2877 0 1 
1831 4 0 1 0 1 4319 4 2879 0 1 
1832 4 0 1 0 1 4322 4 2881 0 1 
1833 4 0 1 0 1 4325 4 2883 0 1 
1834 4 0 1 0 1 4328 4 2885 0 1 
1835 4 0 1 0 1 4331 4 2887 0 1 
1836 4 0 1 0 1 4334 4 2889 0 1 
1837 4 0 1 0 1 4337 4 2891 0 1 
1838 4 0 1 0 1 4340 4 2893 0 1 
1839 4 0 1 0 1 4343 4 2895 0 1 
1840 4 0 1 0 1 4346 4 2897 0 1 
1841 4 0 1 0 1 4349 4 2899 0 1 
1842 4 0 1 0 1 4352 4 2901 0 1 
1843 4 0 1 0 1 4355 4 2903 0 1 
1844 4 0 1 0 1 4358 4 2905 0 1 
1845 4 0 1 0 1 4361 4 2907 0 1 
1846 4 0 1 0 1 4364 4 2909 0 1 
1847 4 0 1 0 1 4367 4 2911 0 1 
1848 4 0 1 0 1 4370 4 2913 0 1 
1849 4 0 1 0 1 4373 4 2915 0 1 
1850 4 0 1 0 1 4376 4 2917 0 1 
1851 4 0 1 0 1 4379 4 2919 0 1 
1852 4 0 1 0 1 4382 4 2921 0 1 
1853 4 0 1 0 1 4385 4 2923 0 1 
1854 4 0 1 0 1 4388 4 2925 0 1 
1855 4 0 1 0 1 4391 4 2927 0 1 
1856 4 0 1 0 1 4394 4 2929 0 1 
1857 4 0 1 0 1 4397 4 2931 0 1 
1858 4 0 1 0 1 4400 4 2933 0 1 
1859 4 0 1 0 1 4403 4 2935 0 1 
1860 4 0 1 0 1 4406 4 2937 0 1 
1861 4 0 1 0 1 4409 4 2939 0 1 
1862 4 0 1 0 1 4412 4 2941 0 1 
1863 4 0 1 0 1 4415 4 2943 0 1 
1864 4 0 1 0 1 4418 4 2945 0 1 
1865 4 0 1 0 1 4421 4 2947 0 1 
1866 4 0 1 0 1 4424 4 2949 0 1 
1867 4 0 1 0 1 4427 4 2951 0 1 
1868 4 0 1 0 1 4430 4 2953 0 1 
1869 4 0 1 0 1 4433 4 2955 0 1 
1870 4 0 1 0 1 4436 4 2957 0 1 
1871 4 0 1 0 1 4439 4 2959 0 1 
1872 4 0 1 0 1 4442 4 2961 0 1 
1873 4 0 1 0 1 4445 4 2963 0 1 
1874 4 0 1 0 1 4448 4 2965 0 1 
1875 4 0 1 0 1 4451 4 2967 0 1 
1876 4 0 1 0 1 4454 4 2969 0 1 
1877 4 0 1 0 1 4457 4 2971 0 1 
1878 4 0 1 0 1 4460 4 2973 0 1 
1879 4 0 1 0 1 4463 4 2975 0 1 
1880 4 0 1 0 1 4466 4 2977 0 1 
1881 4 0 1 0 1 4469 4 2979 0 1 
1882 4 0 1 0 1 4472 4 2981 0 1 
1883 4 0 1 0 1 4475 4 2983 0 1 
1884 4 0 1 0 1 4478 4 2985 0 1 
1885 4 0 1 0 1 4481 4 2987 0 1 
1886 4 0 1 0 1 4484 4 2989 0 1 
1887 4 0 1 0 1 4487 4 2991 0 1 
1888 4 0 1 0 1 4490 4 2993 0 1 
1889 4 0 1 0 1 4493 4 2995 0 1 
1890 4 0 1 0 1 4496 4 2997 0 1 
1891 4 0 1 0 1 4499 4 2999 0 1 
1892 4 0 1 0 1 4502 4 3001 0 1 
1893 4 0 1 0 1 4505 4 3003 0 1 
1894 4 0 1 0 1 4508 4 3005 0 1 
1895 4 0 1 0 1 4511 4 3007 0 1 
1896 4 0 1 0 1 4514 4 3009 0 1 
1897 4 0 1 0 1 4517 4 3011 0 1 
1898 4 0 1 0 1 4520 4 3013 0 1 
1899 4 0 1 0 1 4523 4 3015 0 1 
1900 4 0 1 0 1 4526 4 3017 0 1 
1901 4 0 1 0 1 4529 4 3019 0 1 
1902 4 0 1 0 1 4532 4 3021 0 1 
1903 4 0 1 0 1 4535 4 3023 0 1 
1904 4 0 1 0 1 4538 4 3025 0 1 
1905 4 0 1 0 1 4541 4 3027 0 1 
1906 4 0 1 0 1 4544 4 3029 0 1 
1907 4 0 1 0 1 4547 4 3031 0 1 
1908 4 0 1 0 1 4550 4 3033 0 1 
1909 4 0 1 0 1 4553 4 3035 0 1 
1910 4 0 1 0 1 4556 4 3037 0 1 
1911 4 0 1 0 1 4559 4 3039 0 1 
1912 4 0 1 0 1 4562 4 3041 0 1 
1913 4 0 1 0 1 4565 4 3043 0 1 
1914 4 0 1 0 1 4568 4 3045 0 1 
1915 4 0 1 0 1 4571 4 3047 0 1 
1916 4 0 1 0 1 4574 4 3049 0 1 
1917 4 0 1 0 1 4577 4 3051 0 1 
1918 4 0 1 0 1 4580 4 3053 0 1 
1919 4 0 1 0 1 4583 4 3055 0 1 
1920 4 0 1 0 1 4586 4 3057 0 1 
1921 4 0 1 0 1 4589 4 3059 0 1 
1922 4 0 1 0 1 4592 4 3061 0 1 
1923 4 0 1 0 1 4595 4 3063 0 1 
1924 4 0 1 0 1 4598 4 3065 0 1 
1925 4 0 1 0 1 4601 4 3067 0 1 
1926 4 0 1 0 1 4604 4 3069 0 1 
1927 4 0 1 0 1 4607 4 3071 0 1 
1928 4 0 1 0 1 4610 4 3073 0 1 
1929 4 0 1 0 1 4613 4 3075 0 1 
1930 4 0 1 0 1 4616 4 3077 0 1 
1931 4 0 1 0 1 4619 4 3079 0 1 
1932 4 0 1 0 1 4622 4 3081 0 1 
1933 4 0 1 0 1 4625 4 3083 0 1 
1934 4 0 1 0 1 4628 4 3085 0 1 
1935 4 0 1 0 1 4631 4 3087 0 1 
1936 4 0 1 0 1 4634 4 3089 0 1 
1937 4 0 1 0 1 4637 4 3091 0 1 
1938 4 0 1 0 1 4640 4 3093 0 1 
1939 4 0 1 0 1 4643 4 3095 0 1 
1940 4 0 1 0 1 4646 4 3097 0 1 
1941 4 0 1 0 1 4649 4 3099 0 1 
1942 4 0 1 0 1 4652 4 3101 0 1 
1943 4 0 1 0 1 4655 4 3103 0 1 
1944 4 0 1 0 1 4658 4 3105 0 1 
1945 4 0 1 0 1 4661 4 3107 0 1 
1946 4 0 1 0 1 4664 4 3109 0 1 
1947 4 0 1 0 1 4667 4 3111 0 1 
1948 4 0 1 0 1 4670 4 3113 0 1 
1949 4 0 1 0 1 4673 4 3115 0 1 
1950 4 0 1 0 1 4676 4 3117 0 1 
1951 4 0 1 0 1 4679 4 3119 0 1 
1952 4 0 1 0 1 4682 4 3121 0 1 
1953 4 0 1 0 1 4685 4 3123 0 1 
1954 4 0 1 0 1 4688 4 3125 0 1 
1955 4 0 1 0 1 4691 4 3127 0 1 
1956 4 0 1 0 1 4694 4 3129 0 1 
1957 4 0 1 0 1 4697 4 3131 0 1 
1958 4 0 1 0 1 4700 4 3133 0 1 
1959 4 0 1 0 1 4703 4 3135 0 1 
1960 4 0 1 0 1 4706 4 3137 0 1 
1961 4 0 1 0 1 4709 4 3139 0 1 
1962 4 0 1 0 1 4712 4 3141 0 1 
1963 4 0 1 0 1 4715 4 3143 0 1 
1964 4 0 1 0 1 4718 4 3145 0 1 
1965 4 0 1 0 1 4721 4 3147 0 1 
1966 4 0 1 0 1 4724 4 3149 0 1 
1967 4 0 1 0 1 4727 4 3151 0 1 
1968 4 0 1 0 1 4730 4 3153 0 1 
1969 4 0 1 0 1 4733 4 3155 0 1 
1970 4 0 1 0 1 4736 4 3157 0 1 
1971 4 0 1 0 1 4739 4 3159 0 1 
1972 4 0 1 0 1 4742 4 3161 0 1 
1973 4 0 1 0 1 4745 4 3163 0 1 
1974 4 0 1 0 1 4748 4 3165 0 1 
1975 4 0 1 0 1 4751 4 3167 0 1 
1976 4 0 1 0 1 4754 4 3169 0 1 
1977 4 0 1 0 1 4757 4 3171 0 1 
1978 4 0 1 0 1 4760 4 3173 0 1 
1979 4 0 1 0 1 4763 4 3175 0 1 
1980 4 0 1 0 1 4766 4 3177 0 1 
1981 4 0 1 0 1 4769 4 3179 0 1 
1982 4 0 1 0 1 4772 4 3181 0 1 
1983 4 0 1 0 1 4775 4 3183 0 1 
1984 4 0 1 0 1 4778 4 3185 0 1 
1985 4 0 1 0 1 4781 4 3187 0 1 
1986 4 0 1 0 1 4784 4 3189 0 1 
1987 4 0 1 0 1 4787 4 3191 0 1 
1988 4 0 1 0 1 4790 4 3193 0 1 
1989 4 0 1 0 1 4793 4 3195 0 1 
1990 4 0 1 0 1 4796 4 3197 0 1 
1991 4 0 1 0 1 4799 4 3199 0 1 
1992 4 0 1 0 1 4802 4 3201 0 1 
1993 4 0 1 0 1 4805 4 3203 0 1 
1994 4 0 1 0 1 4808 4 3205 0 1 
1995 4 0 1 0 1 4811 4 3207 0 1 
1996 4 0 1 0 1 4814 4 3209 0 1 
1997 4 0 1 0 1 4817 4 3211 0 1 
1998 4 0 1 0 1 4820 4 3213 0 1 
1999 4 0 1 0 1 4823 4 3215 0 1 
2000 4 0 1 0 1 4826 4 3217 0 1 
2001 4 0 1 0 1 4829 4 3219 0 1 
2002 4 0 1 0 1 4832 4 3221 0 1 
2003 4 0 1 0 1 4835 4 3223 0 1 
2004 4 0 1 0 1 4838 4 3225 0 1 
2005 4 0 1 0 1 4841 4 3227 0 1 
2006 4 0 1 0 1 4844 4 3229 0 1 
2007 4 0 1 0 1 4847 4 3231 0 1 
2008 4 0 1 0 1 4850 4 3233 0 1 
2009 4 0 1 0 1 4853 4 3235 0 1 
2010 4 0 1 0 1 4856 4 3237 0 1 
2011 4 0 1 0 1 4859 4 3239 0 1 
2012 4 0 1 0 1 4862 4 3241 0 1 
2013 4 0 1 0 1 4865 4 3243 0 1 
2014 4 0 1 0 1 4868 4 3245 0 1 
2015 4 0 1 0 1 4871 4 3247 0 1 
2016 4 0 1 0 1 4874 4 3249 0 1 
2017 4 0 1 0 1 4877 4 3251 0 1 
2018 4 0 1 0 1 4880 4 3253 0 1 
2019 4 0 1 0 1 4883 4 3255 0 1 
2020 4 0 1 0 1 4886 4 3257 0 1 
2021 4 0 1 0 1 4889 4 3259 0 1 
2022 4 0 1 0 1 4892 4 3261 0 1 
2023 4 0 1 0 1 4895 4 3263 0 1 
2024 4 0 1 0 1 4898 4 3265 0 1 
2025 4 0 1 0 1 4901 4 3267 0 1 
2026 4 0 1 0 1 4904 4 3269 0 1 
2027 4 0 1 0 1 4907 4 3271 0 1 
2028 4 0 1 0 1 4910 4 3273 0 1 
2029 4 0 1 0 1 4913 4 3275 0 1 
2030 4 0 1 0 1 4916 4 3277 0 1 
2031 4 0 1 0 1 4919 4 3279 0 1 
2032 4 0 1 0 1 4922 4 3281 0 1 
2033 4 0 1 0 1 4925 4 3283 0 1 
2034 4 0 1 0 1 4928 4 3285 0 1 
2035 4 0 1 0 1 4931 4 3287 0 1 
2036 4 0 1 0 1 4934 4 3289 0 1 
2037 4 0 1 0 1 4937 4 3291 0 1 
2038 4 0 1 0 1 4940 4 3293 0 1 
2039 4 0 1 0 1 4943 4 3295 0 1 
2040 4 0 1 0 1 4946 4 3297 0 1 
2041 4 0 1 0 1 4949 4 3299 0 1 
2042 4 0 1 0 1 4952 4 3301 0 1 
2043 4 0 1 0 1 4955 4 3303 0 1 
2044 4 0 1 0 1 4958 4 3305 0 1 
2045 4 0 1 0 1 4961 4 3307 0 1 
2046 4 0 1 0 1 4964 4 3309 0 1 
2047 4 0 1 0 1 4967 4 3311 0 1 
2048 4 0 1 0 1 4970 4 3313 0 1 
2049 4 0 1 0 1 4973 4 3315 0 1 
2050 4 0 1 0 1 4976 4 3317 0 1 
2051 4 0 1 0 1 4979 4 3319 0 1 
2052 4 0 1 0 1 4982 4 3321 0 1 
2053 4 0 1 0 1 4985 4 3323 0 1 
2054 4 0 1 0 1 4988 4 3325 0 1 
2055 4 0 1 0 1 4991 4 3327 0 1 
2056 4 0 1 0 1 4994 4 3329 0 1 
2057 4 0 1 0 1 4997 4 3331 0 1 
2058 4 0 1 0 1 5000 4 3333 0 1 
2059 4 0 1 0 1 5003 4 3335 0 1 
2060 4 0 1 0 1 5006 4 3337 0 1 
2061 4 0 1 0 1 5009 4 3339 0 1 
2062 4 0 1 0 1 5012 4 3341 0 1 
2063 4 0 1 0 1 5015 4 3343 0 1 
2064 4 0 1 0 1 5018 4 3345 0 1 
2065 4 0 1 0 1 5021 4 3347 0 1 
2066 4 0 1 0 1 5024 4 3349 0 1 
2067 4 0 1 0 1 5027 4 3351 0 1 
2068 4 0 1 0 1 5030 4 3353 0 1 
2069 4 0 1 0 1 5033 4 3355 0 1 
2070 4 0 1 0 1 5036 4 3357 0 1 
2071 4 0 1 0 1 5039 4 3359 0 1 
2072 4 0 1 0 1 5042 4 3361 0 1 
2073 4 0 1 0 1 5045 4 3363 0 1 
2074 4 0 1 0 1 5048 4 3365 0 1 
2075 4 0 1 0 1 5051 4 3367 0 1 
2076 5 0 1 0 1 5054 4 3369 0 1 
2077 5 0 1 0 1 5057 4 3371 0 1 
2078 5 0 1 0 1 5060 4 3373 0 1 
2079 5 0 1 0 1 5063 4 3375 0 1 
2080 5 0 1 0 1 5066 4 3377 0 1 
2081 5 0 1 0 1 5069 4 3379 0 1 
2082 5 0 1 0 1 5072 4 3381 0 1 
2083 5 0 1 0 1 5075 4 3383 0 1 
2084 5 0 1 0 1 5078 4 3385 0 1 
2085 5 0 1 0 1 5081 4 3387 0 1 
2086 5 0 1 0 1 5084 4 3389 0 1 
2087 5 0 1 0 1 5087 4 3391 0 1 
2088 5 0 1 0 1 5090 4 3393 0 1 
2089 5 0 1 0 1 5093 4 3395 0 1 
2090 5 0 1 0 1 5096 4 3397 0 1 
2091 5 0 1 0 1 5099 4 3399 0 1 
2092 5 0 1 0 1 5102 4 3401 0 1 
2093 5 0 1 0 1 5105 4 3403 0 1 
2094 5 0 1 0 1 5108 4 3405 0 1 
2095 5 0 1 0 1 5111 4 3407 0 1 
2096 5 0 1 0 1 5114 4 3409 0 1 
2097 5 0 1 0 1 5117 4 3411 0 1 
2098 5 0 1 0 1 5120 4 3413 0 1 
2099 5 0 1 0 1 5123 4 3415 0 1 
2100 5 0 1 0 1 5126 4 3417 0 1 
2101 5 0 1 0 1 5129 4 3419 0 1 
2102 5 0 1 0 1 5132 4 3421 0 1 
2103 5 0 1 0 1 5135 4 3423 0 1 
2104 5 0 1 0 1 5138 4 3425 0 1 
2105 5 0 1 0 1 5141 4 3427 0 1 
2106 5 0 1 0 1 5144 4 3429 0 1 
2107 5 0 1 0 1 5147 4 3431 0 1 
2108 5 0 1 0 1 5150 4 3433 0 1 
2109 5 0 1 0 1 5153 4 3435 0 1 
2110 5 0 1 0 1 5156 4 3437 0 1 
2111 5 0 1 0 1 5159 4 3439 0 1 
2112 5 0 1 0 1 5162 4 3441 0 1 
2113 5 0 1 0 1 5165 4 3443 0 1 
2114 5 0 1 0 1 5168 4 3445 0 1 
2115 5 0 1 0 1 5171 4 3447 0 1 
2116 5 0 1 0 1 5174 4 3449 0 1 
2117 5 0 1 0 1 5177 4 3451 0 1 
2118 5 0 1 0 1 5180 4 3453 0 1 
2119 5 0 1 0 1 5183 4 3455 0 1 
2120 5 0 1 0 1 5186 4 3457 0 1 
2121 5 0 1 0 1 5189 4 3459 0 1 
2122 5 0 1 0 1 5192 4 3461 0 1 
2123 5 0 1 0 1 5195 4 3463 0 1 
2124 5 0 1 0 1 5198 4 3465 0 1 
2125 5 0 1 0 1 5201 4 3467 0 1 
2126 5 0 1 0 1 5204 4 3469 0 1 
2127 5 0 1 0 1 5207 4 3471 0 1 
2128 5 0 1 0 1 5210 4 3473 0 1 
2129 5 0 1 0 1 5213 4 3475 0 1 
2130 5 0 1 0 1 5216 4 3477 0 1 
2131 5 0 1 0 1 5219 4 3479 0 1 
2132 5 0 1 0 1 5222 4 3481 0 1 
2133 5 0 1 0 1 5225 4 3483 0 1 
2134 5 0 1 0 1 5228 4 3485 0 1 
2135 5 0 1 0 1 5231 4 3487 0 1 
2136 5 0 1 0 1 5234 4 3489 0 1 
2137 5 0 1 0 1 5237 4 3491 0 1 
2138 5 0 1 0 1 5240 4 3493 0 1 
2139 5 0 1 0 1 5243 4 3495 0 1 
2140 5 0 1 0 1 5246 4 3497 0 1 
2141 5 0 1 0 1 5249 4 3499 0 1 
2142 5 0 1 0 1 5252 4 3501 0 1 
2143 5 0 1 0 1 5255 4 3503 0 1 
2144 5 0 1 0 1 5258 4 3505 0 1 
2145 5 0 1 0 1 5261 4 3507 0 1 
2146 5 0 1 0 1 5264 4 3509 0 1 
2147 5 0 1 0 1 5267 4 3511 0 1 
2148 5 0 1 0 1 5270 4 3513 0 1 
2149 5 0 1 0 1 5273 4 3515 0 1 
2150 5 0 1 0 1 5276 4 3517 0 1 
2151 5 0 1 0 1 5279 4 3519 0 1 
2152 5 0 1 0 1 5282 4 3521 0 1 
2153 5 0 1 0 1 5285 4 3523 0 1 
2154 5 0 1 0 1 5288 4 3525 0 1 
2155 5 0 1 0 1 5291 4 3527 0 1 
2156 5 0 1 0 1 5294 4 3529 0 1 
2157 5 0 1 0 1 5297 4 3531 0 1 
2158 5 0 1 0 1 5300 4 3533 0 1 
2159 5 0 1 0 1 5303 4 3535 0 1 
2160 5 0 1 0 1 5306 4 3537 0 1 
2161 5 0 1 0 1 5309 4 3539 0 1 
2162 5 0 1 0 1 5312 4 3541 0 1 
2163 5 0 1 0 1 5315 4 3543 0 1 
2164 5 0 1 0 1 5318 4 3545 0 1 
2165 5 0 1 0 1 5321 4 3547 0 1 
2166 5 0 1 0 1 5324 4 3549 0 1 
2167 5 0 1 0 1 5327 4 3551 0 1 
2168 5 0 1 0 1 5330 4 3553 0 1 
2169 5 0 1 0 1 5333 4 3555 0 1 
2170 5 0 1 0 1 5336 4 3557 0 1 
2171 5 0 1 0 1 5339 4 3559 0 1 
2172 5 0 1 0 1 5342 4 3561 0 1 
2173 5 0 1 0 1 5345 4 3563 0 1 
2174 5 0 1 0 1 5348 4 3565 0 1 
2175 5 0 1 0 1 5351 4 3567 0 1 
2176 5 0 1 0 1 5354 4 3569 0 1 
2177 5 0 1 0 1 5357 4 3571 0 1 
2178 5 0 1 0 1 5360 4 3573 0 1 
2179 5 0 1 0 1 5363 4 3575 0 1 
2180 5 0 1 0 1 5366 4 3577 0 1 
2181 5 0 1 0 1 5369 4 3579 0 1 
2182 5 0 1 0 1 5372 4 3581 0 1 
2183 5 0 1 0 1 5375 4 3583 0 1 
2184 5 0 1 0 1 5378 4 3585 0 1 
2185 5 0 1 0 1 5381 4 3587 0 1 
2186 5 0 1 0 1 5384 4 3589 0 1 
2187 5 0 1 0 1 5387 4 3591 0 1 
2188 5 0 1 0 1 5390 4 3593 0 1 
2189 5 0 1 0 1 5393 4 3595 0 1 
2190 5 0 1 0 1 5396 4 3597 0 1 
2191 5 0 1 0 1 5399 4 3599 0 1 
2192 5 0 1 0 1 5402 4 3601 0 1 
2193 5 0 1 0 1 5405 4 3603 0 1 
2194 5 0 1 0 1 5408 4 3605 0 1 
2195 5 0 1 0 1 5411 4 3607 0 1 
2196 5 0 1 0 1 5414 4 3609 0 1 
2197 5 0 1 0 1 5417 4 3611 0 1 
2198 5 0 1 0 1 5420 4 3613 0 1 
2199 5 0 1 0 1 5423 4 3615 0 1 
2200 5 0 1 0 1 5426 4 3617 0 1 
2201 5 0 1 0 1 5429 4 3619 0 1 
2202 5 0 1 0 1 5432 4 3621 0 1 
2203 5 0 1 0 1 5435 4 3623 0 1 
2204 5 0 1 0 1 5438 4 3625 0 1 
2205 5 0 1 0 1 5441 4 3627 0 1 
2206 5 0 1 0 1 5444 4 3629 0 1 
2207 5 0 1 0 1 5447 4 3631 0 1 
2208 5 0 1 0 1 5450 4 3633 0 1 
2209 5 0 1 0 1 5453 4 3635 0 1 
2210 5 0 1 0 1 5456 4 3637 0 1 
2211 5 0 1 0 1 5459 4 3639 0 1 
2212 5 0 1 0 1 5462 4 3641 0 1 
2213 5 0 1 0 1 5465 4 3643 0 1 
2214 5 0 1 0 1 5468 4 3645 0 1 
2215 5 0 1 0 1 5471 4 3647 0 1 
2216 5 0 1 0 1 5474 4 3649 0 1 
2217 5 0 1 0 1 5477 4 3651 0 1 
2218 5 0 1 0 1 5480 4 3653 0 1 
2219 5 0 1 0 1 5483 4 3655 0 1 
2220 5 0 1 0 1 5486 4 3657 0 1 
2221 5 0 1 0 1 5489 4 3659 0 1 
2222 5 0 1 0 1 5492 4 3661 0 1 
2223 5 0 1 0 1 5495 4 3663 0 1 
2224 5 0 1 0 1 5498 4 3665 0 1 
2225 5 0 1 0 1 5501 4 3667 0 1 
2226 5 0 1 0 1 5504 4 3669 0 1 
2227 5 0 1 0 1 5507 4 3671 0 1 
2228 5 0 1 0 1 5510 4 3673 0 1 
2229 5 0 1 0 1 5513 4 3675 0 1 
2230 5 0 1 0 1 5516 4 3677 0 1 
2231 5 0 1 0 1 5519 4 3679 0 1 
2232 5 0 1 0 1 5522 4 3681 0 1 
2233 5 0 1 0 1 5525 4 3683 0 1 
2234 5 0 1 0 1 5528 4 3685 0 1 
2235 5 0 1 0 1 5531 4 3687 0 1 
2236 5 0 1 0 1 5534 4 3689 0 1 
2237 5 0 1 0 1 5537 4 3691 0 1 
2238 5 0 1 0 1 5540 4 3693 0 1 
2239 5 0 1 0 1 5543 4 3695 0 1 
2240 5 0 1 0 1 5546 4 3697 0 1 
2241 5 0 1 0 1 5549 4 3699 0 1 
2242 5 0 1 0 1 5552 4 3701 0 1 
2243 5 0 1 0 1 5555 4 3703 0 1 
2244 5 0 1 0 1 5558 4 3705 0 1 
2245 5 0 1 0 1 5561 4 3707 0 1 
2246 5 0 1 0 1 5564 4 3709 0 1 
2247 5 0 1 0 1 5567 4 3711 0 1 
2248 5 0 1 0 1 5570 4 3713 0 1 
2249 5 0 1 0 1 5573 4 3715 0 1 
2250 5 0 1 0 1 5576 4 3717 0 1 
2251 5 0 1 0 1 5579 4 3719 0 1 
2252 5 0 1 0 1 5582 4 3721 0 1 
2253 5 0 1 0 1 5585 4 3723 0 1 
2254 5 0 1 0 1 5588 4 3725 0 1 
2255 5 0 1 0 1 5591 4 3727 0 1 
2256 5 0 1 0 1 5594 4 3729 0 1 
2257 5 0 1 0 1 5597 4 3731 0 1 
2258 5 0 1 0 1 5600 4 3733 0 1 
2259 5 0 1 0 1 5603 4 3735 0 1 
2260 5 0 1 0 1 5606 4 3737 0 1 
2261 5 0 1 0 1 5609 4 3739 0 1 
2262 5 0 1 0 1 5612 4 3741 0 1 
2263 5 0 1 0 1 5615 4 3743 0 1 
2264 5 0 1 0 1 5618 4 3745 0 1 
2265 5 0 1 0 1 5621 4 3747 0 1 
2266 5 0 1 0 1 5624 4 3749 0 1 
2267 5 0 1 0 1 5627 4 3751 0 1 
2268 5 0 1 0 1 5630 4 3753 0 1 
2269 5 0 1 0 1 5633 4 3755 0 1 
2270 5 0 1 0 1 5636 4 3757 0 1 
2271 5 0 1 0 1 5639 4 3759 0 1 
2272 5 0 1 0 1 5642 4 3761 0 1 
2273 5 0 1 0 1 5645 4 3763 0 1 
2274 5 0 1 0 1 5648 4 3765 0 1 
2275 5 0 1 0 1 5651 4 3767 0 1 
2276 5 0 1 0 1 5654 4 3769 0 1 
2277 5 0 1 0 1 5657 4 3771 0 1 
2278 5 0 1 0 1 5660 4 3773 0 1 
2279 5 0 1 0 1 5663 4 3775 0 1 
2280 5 0 1 0 1 5666 4 3777 0 1 
2281 5 0 1 0 1 5669 4 3779 0 1 
2282 5 0 1 0 1 5672 4 3781 0 1 
2283 5 0 1 0 1 5675 4 3783 0 1 
2284 5 0 1 0 1 5678 4 3785 0 1 
2285 5 0 1 0 1 5681 4 3787 0 1 
2286 5 0 1 0 1 5684 4 3789 0 1 
2287 5 0 1 0 1 5687 4 3791 0 1 
2288 5 0 1 0 1 5690 4 3793 0 1 
2289 5 0 1 0 1 5693 4 3795 0 1 
2290 5 0 1 0 1 5696 4 3797 0 1 
2291 5 0 1 0 1 5699 4 3799 0 1 
2292 5 0 1 0 1 5702 4 3801 0 1 
2293 5 0 1 0 1 5705 4 3803 0 1 
2294 5 0 1 0 1 5708 4 3805 0 1 
2295 5 0 1 0 1 5711 4 3807 0 1 
2296 5 0 1 0 1 5714 4 3809 0 1 
2297 5 0 1 0 1 5717 4 3811 0 1 
2298 5 0 1 0 1 5720 4 3813 0 1 
2299 5 0 1 0 1 5723 4 3815 0 1 
2300 5 0 1 0 1 5726 4 3817 0 1 
2301 5 0 1 0 1 5729 4 3819 0 1 
2302 5 0 1 0 1 5732 4 3821 0 1 
2303 5 0 1 0 1 5735 4 3823 0 1 
2304 5 0 1 0 1 5738 4 3825 0 1 
2305 5 0 1 0 1 5741 4 3827 0 1 
2306 5 0 1 0 1 5744 4 3829 0 1 
2307 5 0 1 0 1 5747 4 3831 0 1 
2308 5 0 1 0 1 5750 4 3833 0 1 
2309 5 0 1 0 1 5753 4 3835 0 1 
2310 5 0 1 0 1 5756 4 3837 0 1 
2311 5 0 1 0 1 5759 4 3839 0 1 
2312 5 0 1 0 1 5762 4 3841 0 1 
2313 5 0 1 0 1 5765 4 3843 0 1 
2314 5 0 1 0 1 5768 4 3845 0 1 
2315 5 0 1 0 1 5771 4 3847 0 1 
2316 5 0 1 0 1 5774 4 3849 0 1 
2317 5 0 1 0 1 5777 4 3851 0 1 
2318 5 0 1 0 1 5780 4 3853 0 1 
2319 5 0 1 0 1 5783 4 3855 0 1 
2320 5 0 1 0 1 5786 4 3857 0 1 
2321 5 0 1 0 1 5789 4 3859 0 1 
2322 5 0 1 0 1 5792 4 3861 0 1 
2323 5 0 1 0 1 5795 4 3863 0 1 
2324 5 0 1 0 1 5798 4 3865 0 1 
2325 5 0 1 0 1 5801 4 3867 0 1 
2326 5 0 1 0 1 5804 4 3869 0 1 
2327 5 0 1 0 1 5807 4 3871 0 1 
2328 5 0 1 0 1 5810 4 3873 0 1 
2329 5 0 1 0 1 5813 4 3875 0 1 
2330 5 0 1 0 1 5816 4 3877 0 1 
2331 5 0 1 0 1 5819 4 3879 0 1 
2332 5 0 1 0 1 5822 4 3881 0 1 
2333 5 0 1 0 1 5825 4 3883 0 1 
2334 5 0 1 0 1 5828 4 3885 0 1 
2335 5 0 1 0 1 5831 4 3887 0 1 
2336 5 0 1 0 1 5834 4 3889 0 1 
2337 5 0 1 0 1 5837 4 3891 0 1 
2338 5 0 1 0 1 5840 4 3893 0 1 
2339 5 0 1 0 1 5843 4 3895 0 1 
2340 5 0 1 0 1 5846 4 3897 0 1 
2341 5 0 1 0 1 5849 4 3899 0 1 
2342 5 0 1 0 1 5852 4 3901 0 1 
2343 5 0 1 0 1 5855 4 3903 0 1 
2344 5 0 1 0 1 5858 4 3905 0 1 
2345 5 0 1 0 1 5861 4 3907 0 1 
2346 5 0 1 0 1 5864 4 3909 0 1 
2347 5 0 1 0 1 5867 4 3911 0 1 
2348 5 0 1 0 1 5870 4 3913 0 1 
2349 5 0 1 0 1 5873 4 3915 0 1 
2350 5 0 1 0 1 5876 4 3917 0 1 
2351 5 0 1 0 1 5879 4 3919 0 1 
2352 5 0 1 0 1 5882 4 3921 0 1 
2353 5 0 1 0 1 5885 4 3923 0 1 
2354 5 0 1 0 1 5888 4 3925 0 1 
2355 5 0 1 0 1 5891 4 3927 0 1 
2356 5 0 1 0 1 5894 4 3929 0 1 
2357 5 0 1 0 1 5897 4 3931 0 1 
2358 5 0 1 0 1 5900 4 3933 0 1 
2359 5 0 1 0 1 5903 4 3935 0 1 
2360 5 0 1 0 1 5906 4 3937 0 1 
2361 5 0 1 0 1 5909 4 3939 0 1 
2362 5 0 1 0 1 5912 4 3941 0 1 
2363 5 0 1 0 1 5915 4 3943 0 1 
2364 5 0 1 0 1 5918 4 3945 0 1 
2365 5 0 1 0 1 5921 4 3947 0 1 
2366 5 0 1 0 1 5924 4 3949 0 1 
2367 5 0 1 0 1 5927 4 3951 0 1 
2368 5 0 1 0 1 5930 4 3953 0 1 
2369 5 0 1 0 1 5933 4 3955 0 1 
2370 5 0 1 0 1 5936 4 3957 0 1 
2371 5 0 1 0 1 5939 4 3959 0 1 
2372 5 0 1 0 1 5942 4 3961 0 1 
2373 5 0 1 0 1 5945 4 3963 0 1 
2374 5 0 1 0 1 5948 4 3965 0 1 
2375 5 0 1 0 1 5951 4 3967 0 1 
2376 5 0 1 0 1 5954 4 3969 0 1 
2377 5 0 1 0 1 5957 4 3971 0 1 
2378 5 0 1 0 1 5960 4 3973 0 1 
2379 5 0 1 0 1 5963 4 3975 0 1 
2380 5 0 1 0 1 5966 4 3977 0 1 
2381 5 0 1 0 1 5969 4 3979 0 1 
2382 5 0 1 0 1 5972 4 3981 0 1 
2383 5 0 1 0 1 5975 4 3983 0 1 
2384 5 0 1 0 1 5978 4 3985 0 1 
2385 5 0 1 0 1 5981 4 3987 0 1 
2386 5 0 1 0 1 5984 4 3989 0 1 
2387 5 0 1 0 1 5987 4 3991 0 1 
2388 5 0 1 0 1 5990 4 3993 0 1 
2389 5 0 1 0 1 5993 4 3995 0 1 
2390 5 0 1 0 1 5996 4 3997 0 1 
2391 5 0 1 0 1 5999 4 3999 0 1 
2392 5 0 1 0 1 6002 4 4001 0 1 
2393 5 0 1 0 1 6005 4 4003 0 1 
2394 5 0 1 0 1 6008 4 4005 0 1 
2395 5 0 1 0 1 6011 4 4007 0 1 
2396 5 0 1 0 1 6014 4 4009 0 1 
2397 5 0 1 0 1 6017 4 4011 0 1 
2398 5 0 1 0 1 6020 4 4013 0 1 
2399 5 0 1 0 1 6023 4 4015 0 1 
2400 5 0 1 0 1 6026 4 4017 0 1 
2401 5 0 1 0 1 6029 4 4019 0 1 
2402 5 0 1 0 1 6032 4 4021 0 1 
2403 5 0 1 0 1 6035 4 4023 0 1 
2404 5 0 1 0 1 6038 4 4025 0 1 
2405 5 0 1 0 1 6041 4 4027 0 1 
2406 5 0 1 0 1 6044 4 4029 0 1 
2407 5 0 1 0 1 6047 4 4031 0 1 
2408 5 0 1 0 1 6050 4 4033 0 1 
2409 5 0 1 0 1 6053 4 4035 0 1 
2410 5 0 1 0 1 6056 4 4037 0 1 
2411 5 0 1 0 1 6059 4 4039 0 1 
2412 5 0 1 0 1 6062 4 4041 0 1 
2413 5 0 1 0 1 6065 4 4043 0 1 
2414 5 0 1 0 1 6068 4 4045 0 1 
2415 5 0 1 0 1 6071 4 4047 0 1 
2416 5 0 1 0 1 6074 4 4049 0 1 
2417 5 0 1 0 1 6077 4 4051 0 1 
2418 5 0 1 0 1 6080 4 4053 0 1 
2419 5 0 1 0 1 6083 4 4055 0 1 
2420 5 0 1 0 1 6086 4 4057 0 1 
2421 5 0 1 0 1 6089 4 4059 0 1 
2422 5 0 1 0 1 6092 4 4061 0 1 
2423 5 0 1 0 1 6095 4 4063 0 1 
2424 5 0 1 0 1 6098 4 4065 0 1 
2425 5 0 1 0 1 6101 4 4067 0 1 
2426 5 0 1 0 1 6104 4 4069 0 1 
2427 5 0 1 0 1 6107 4 4071 0 1 
2428 5 0 1 0 1 6110 4 4073 0 1 
2429 5 0 1 0 1 6113 4 4075 0 1 
2430 5 0 1 0 1 6116 4 4077 0 1 
2431 5 0 1 0 1 6119 4 4079 0 1 
2432 5 0 1 0 1 6122 4 4081 0 1 
2433 5 0 1 0 1 6125 4 4083 0 1 
2434 5 0 1 0 1 6128 4 4085 0 1 
2435 5 0 1 0 1 6131 4 4087 0 1 
2436 5 0 1 0 1 6134 4 4089 0 1 
2437 5 0 1 0 1 6137 4 4091 0 1 
2438 5 0 1 0 1 6140 4 4093 0 1 
2439 5 0 1 0 1 6143 4 4095 0 1 
2440 5 0 1 0 1 6146 4 4097 0 1 
2441 5 0 1 0 1 6149 4 4099 0 1 
2442 5 0 1 0 1 6152 4 4101 0 1 
2443 5 0 1 0 1 6155 4 4103 0 1 
2444 5 0 1 0 1 6158 4 4105 0 1 
2445 5 0 1 0 1 6161 4 4107 0 1 
2446 5 0 1 0 1 6164 4 4109 0 1 
2447 5 0 1 0 1 6167 4 4111 0 1 
2448 5 0 1 0 1 6170 4 4113 0 1 
2449 5 0 1 0 1 6173 4 4115 0 1 
2450 5 0 1 0 1 6176 4 4117 0 1 
2451 5 0 1 0 1 6179 4 4119 0 1 
2452 5 0 1 0 1 6182 4 4121 0 1 
2453 5 0 1 0 1 6185 4 4123 0 1 
2454 5 0 1 0 1 6188 4 4125 0 1 
2455 5 0 1 0 1 6191 4 4127 0 1 
2456 5 0 1 0 1 6194 4 4129 0 1 
2457 5 0 1 0 1 6197 4 4131 0 1 
2458 5 0 1 0 1 6200 4 4133 0 1 
2459 5 0 1 0 1 6203 4 4135 0 1 
2460 5 0 1 0 1 6206 4 4137 0 1 
2461 5 0 1 0 1 6209 4 4139 0 1 
2462 5 0 1 0 1 6212 4 4141 0 1 
2463 5 0 1 0 1 6215 4 4143 0 1 
2464 5 0 1 0 1 6218 4 4145 0 1 
2465 5 0 1 0 1 6221 4 4147 0 1 
2466 5 0 1 0 1 6224 4 4149 0 1 
2467 5 0 1 0 1 6227 4 4151 0 1 
2468 5 0 1 0 1 6230 4 4153 0 1 
2469 5 0 1 0 1 6233 4 4155 0 1 
2470 5 0 1 0 1 6236 4 4157 0 1 
2471 5 0 1 0 1 6239 4 4159 0 1 
2472 5 0 1 0 1 6242 4 4161 0 1 
2473 5 0 1 0 1 6245 4 4163 0 1 
2474 5 0 1 0 1 6248 4 4165 0 1 
2475 5 0 1 0 1 6251 4 4167 0 1 
2476 5 0 1 0 1 6254 4 4169 0 1 
2477 5 0 1 0 1 6257 4 4171 0 1 
2478 6 0 1 0 1 6260 4 4173 0 1 
2479 6 0 1 0 1 6263 4 4175 0 1 
2480 6 0 1 0 1 6266 4 4177 0 1 
2481 6 0 1 0 1 6269 4 4179 0 1 
2482 6 0 1 0 1 6272 4 4181 0 1 
2483 6 0 1 0 1 6275 4 4183 0 1 
2484 6 0 1 0 1 6278 4 4185 0 1 
2485 6 0 1 0 1 6281 4 4187 0 1 
2486 6 0 1 0 1 6284 4 4189 0 1 
2487 6 0 1 0 1 6287 4 4191 0 1 
2488 6 0 1 0 1 6290 4 4193 0 1 
2489 6 0 1 0 1 6293 4 4195 0 1 
2490 6 0 1 0 1 6296 4 4197 0 1 
2491 6 0 1 0 1 6299 4 4199 0 1 
2492 6 0 1 0 1 6302 4 4201 0 1 
2493 6 0 1 0 1 6305 4 4203 0 1 
2494 6 0 1 0 1 6308 4 4205 0 1 
2495 6 0 1 0 1 6311 4 4207 0 1 
2496 6 0 1 0 1 6314 4 4209 0 1 
2497 6 0 1 0 1 6317 4 4211 0 1 
2498 6 0 1 0 1 6320 4 4213 0 1 
2499 6 0 1 0 1 6323 4 4215 0 1 
2500 6 0 1 0 1 6326 4 4217 0 1 
2501 6 0 1 0 1 6329 4 4219 0 1 
2502 6 0 1 0 1 6332 4 4221 0 1 
2503 6 0 1 0 1 6335 4 4223 0 1 
2504 6 0 1 0 1 6338 4 4225 0 1 
2505 6 0 1 0 1 6341 4 4227 0 1 
2506 6 0 1 0 1 6344 4 4229 0 1 
2507 6 0 1 0 1 6347 4 4231 0 1 
2508 6 0 1 0 1 6350 4 4233 0 1 
2509 6 0 1 0 1 6353 4 4235 0 1 
2510 6 0 1 0 1 6356 4 4237 0 1 
2511 6 0 1 0 1 6359 4 4239 0 1 
2512 6 0 1 0 1 6362 4 4241 0 1 
2513 6 0 1 0 1 6365 4 4243 0 1 
2514 6 0 1 0 1 6368 4 4245 0 1 
2515 6 0 1 0 1 6371 4 4247 0 1 
2516 6 0 1 0 1 6374 4 4249 0 1 
2517 6 0 1 0 1 6377 4 4251 0 1 
2518 6 0 1 0 1 6380 4 4253 0 1 
2519 6 0 1 0 1 6383 4 4255 0 1 
2520 6 0 1 0 1 6386 4 4257 0 1 
2521 6 0 1 0 1 6389 4 4259 0 1 
2522 6 0 1 0 1 6392 4 4261 0 1 
2523 6 0 1 0 1 6395 4 4263 0 1 
2524 6 0 1 0 1 6398 4 4265 0 1 
2525 6 0 1 0 1 6401 4 4267 0 1 
2526 6 0 1 0 1 6404 4 4269 0 1 
2527 6 0 1 0 1 6407 4 4271 0 1 
2528 6 0 1 0 1 6410 4 4273 0 1 
2529 6 0 1 0 1 6413 4 4275 0 1 
2530 6 0 0 0 0 6416 4 4292 0 0 
2531 6 0 0 0 0 6419 4 4294 0 0 
2532 6 0 0 0 0 6422 4 4296 0 0 
2533 6 0 0 0 0 6425 4 4298 0 0 
2534 6 0 0 0 0 6428 4 4300 0 0 
2535 6 0 0 0 0 6431 4 4302 0 0 
2536 6 0 0 0 0 6434 4 4304 0 0 
2537 6 0 0 0 0 6437 4 4306 0 0 
2538 6 0 0 0 0 6440 4 4308 0 0 
2539 6 0 0 0 0 6443 4 4310 0 0 
2540 6 0 0 0 0 6446 4 4312 0 0 
2541 6 0 0 0 0 6449 4 4314 0 0 
2542 6 0 0 0 0 6452 4 4316 0 0 
2543 6 0 0 0 0 6455 4 4318 0 0 
2544 6 0 0 0 0 6458 4 4320 0 0 
2545 6 0 0 0 0 6461 4 4322 0 0 
2546 6 0 0 0 0 6464 4 4324 0 0 
2547 6 0 0 0 0 6467 4 4326 0 0 
2548 6 0 0 0 0 6470 4 4328 0 0 
2549 6 0 0 0 0 6473 4 4330 0 0 
2550 6 0 0 0 0 6476 4 4332 0 0 
2551 6 0 0 0 0 6479 4 4334 0 0 
2552 6 0 0 0 0 6482 4 4336 0 0 
2553 6 0 0 0 0 6485 4 4338 0 0 
2554 6 0 0 0 0 6488 4 4340 0 0 
2555 6 0 0 0 0 6491 4 4342 0 0 
2556 6 0 0 0 0 6494 4 4344 0 0 
2557 6 0 0 0 0 6497 4 4346 0 0 
2558 6 0 0 0 0 6500 4 4348 0 0 
2559 6 0 0 0 0 6503 4 4350 0 0 
2560 6 0 0 0 0 6506 4 4352 0 0 
2561 6 0 0 0 0 6509 4 4354 0 0 
2562 6 0 0 0 0 6512 4 4356 0 0 
2563 6 0 0 0 0 6515 4 4358 0 0 
2564 6 0 0 0 0 6518 4 4360 0 0 
2565 6 0 0 0 0 6521 4 4362 0 0 
2566 6 0 0 0 0 6524 4 4364 0 0 
2567 6 0 0 0 0 6527 4 4366 0 0 
2568 6 0 0 0 0 6530 4 4368 0 0 
2569 6 0 0 0 0 6533 4 4370 0 0 
2570 6 0 0 0 0 6536 4 4372 0 0 
2571 6 0 0 0 0 6539 4 4374 0 0 
2572 6 0 0 0 0 6542 4 4376 0 0 
2573 6 0 0 0 0 6545 4 4378 0 0 
2574 6 0 0 0 0 6548 4 4380 0 0 
2575 6 0 0 0 0 6551 4 4382 0 0 
2576 6 0 0 0 0 6554 4 4384 0 0 
2577 6 0 0 0 0 6557 4 4386 0 0 
2578 6 0 0 0 0 6560 4 4388 0 0 
2579 6 0 0 0 0 6563 4 4390 0 0 
2580 6 0 0 0 0 6566 4 4392 0 0 
2581 6 0 0 0 0 6569 4 4394 0 0 
2582 6 0 0 0 0 6572 4 4396 0 0 
2583 6 0 0 0 0 6575 4 4398 0 0 
2584 6 0 0 0 0 6578 4 4400 0 0 
2585 6 0 0 0 0 6581 4 4402 0 0 
2586 6 0 0 0 0 6584 4 4404 0 0 
2587 6 0 0 0 0 6587 4 4406 0 0 
2588 6 0 0 0 0 6590 4 4408 0 0 
2589 6 0 0 0 0 6593 4 4410 0 0 
2590 6 0 0 0 0 6596 4 4412 0 0 
2591 6 0 0 0 0 6599 4 4414 0 0 
2592 6 0 0 0 0 6602 4 4416 0 0 
2593 6 0 0 0 0 6605 4 4418 0 0 
2594 6 0 0 0 0 6608 4 4420 0 0 
2595 6 0 0 0 0 6611 4 4422 0 0 
2596 6 0 0 0 0 6614 4 4424 0 0 
2597 6 0 0 0 0 6617 4 4426 0 0 
2598 6 0 0 0 0 6620 4 4428 0 0 
2599 6 0 0 0 0 6623 4 4430 0 0 
2600 6 0 0 0 0 6626 4 4432 0 0 
2601 6 0 0 0 0 6629 4 4434 0 0 
2602 6 0 0 0 0 6632 4 4436 0 0 
2603 6 0 0 0 0 6635 4 4438 0 0 
2604 6 0 0 0 0 6638 4 4440 0 0 
2605 6 0 0 0 0 6641 4 4442 0 0 
2606 6 0 0 0 0 6644 4 4444 0 0 
2607 6 0 0 0 0 6647 4 4446 0 0 
2608 6 0 0 0 0 6650 4 4448 0 0 
2609 6 0 0 0 0 6653 4 4450 0 0 
2610 6 0 0 0 0 6656 4 4452 0 0 
2611 6 0 0 0 0 6659 4 4454 0 0 
2612 6 0 0 0 0 6662 4 4456 0 0 
2613 6 0 0 0 0 6665 4 4458 0 0 
2614 6 0 0 0 0 6668 4 4460 0 0 
2615 6 0 0 0 0 6671 4 4462 0 0 
2616 6 0 0 0 0 6674 4 4464 0 0 
2617 6 0 0 0 0 6677 4 4466 0 0 
2618 6 0 0 0 0 6680 4 4468 0 0 
2619 6 0 0 0 0 6683 4 4470 0 0 
2620 6 0 0 0 0 6686 4 4472 0 0 
2621 6 0 0 0 0 6689 4 4474 0 0 
2622 6 0 0 0 0 6692 4 4476 0 0 
2623 6 0 0 0 0 6695 4 4478 0 0 
2624 6 0 0 0 0 6698 4 4480 0 0 
2625 6 0 0 0 0 6701 4 4482 0 0 
2626 6 0 0 0 0 6704 4 4484 0 0 
2627 6 0 0 0 0 6707 4 4486 0 0 
2628 6 0 0 0 0 6710 4 4488 0 0 
2629 6 0 0 0 0 6713 4 4490 0 0 
2630 6 0 0 0 0 6716 4 4492 0 0 
2631 6 0 0 0 0 6719 4 4494 0 0 
2632 6 0 0 0 0 6722 4 4496 0 0 
2633 6 0 0 0 0 6725 4 4498 0 0 
2634 6 0 0 0 0 6728 4 4500 0 0 
2635 6 0 0 0 0 6731 4 4502 0 0 
2636 6 0 0 0 0 6734 4 4504 0 0 
2637 6 0 0 0 0 6737 4 4506 0 0 
2638 6 0 0 0 0 6740 4 4508 0 0 
2639 6 0 0 0 0 6743 4 4510 0 0 
2640 6 0 0 0 0 6746 4 4512 0 0 
2641 6 0 0 0 0 6749 4 4514 0 0 
2642 6 0 0 0 0 6752 4 4516 0 0 
2643 6 0 0 0 0 6755 4 4518 0 0 
2644 6 0 0 0 0 6758 4 4520 0 0 
2645 6 0 0 0 0 6761 4 4522 0 0 
2646 6 0 0 0 0 6764 4 4524 0 0 
2647 6 0 0 0 0 6767 4 4526 0 0 
2648 6 0 0 0 0 6770 4 4528 0 0 
2649 6 0 0 0 0 6773 4 4530 0 0 
2650 6 0 0 0 0 6776 4 4532 0 0 
2651 6 0 0 0 0 6779 4 4534 0 0 
2652 6 0 0 0 0 6782 4 4536 0 0 
2653 6 0 0 0 0 6785 4 4538 0 0 
2654 6 0 0 0 0 6788 4 4540 0 0 
2655 6 0 0 0 0 6791 4 4542 0 0 
2656 6 0 0 0 0 6794 4 4544 0 0 
2657 6 0 0 0 0 6797 4 4546 0 0 
2658 6 0 0 0 0 6800 4 4548 0 0 
2659 6 0 0 0 0 6803 4 4550 0 0 
2660 6 0 0 0 0 6806 4 4552 0 0 
2661 6 0 0 0 0 6809 4 4554 0 0 
2662 6 0 0 0 0 6812 4 4556 0 0 
2663 6 0 0 0 0 6815 4 4558 0 0 
2664 6 0 0 0 0 6818 4 4560 0 0 
2665 6 0 0 0 0 6821 4 4562 0 0 
2666 6 0 0 0 0 6824 4 4564 0 0 
2667 6 0 0 0 0 6827 4 4566 0 0 
2668 6 0 0 0 0 6830 4 4568 0 0 
2669 6 0 0 0 0 6833 4 4570 0 0 
2670 6 0 0 0 0 6836 4 4572 0 0 
2671 6 0 0 0 0 6839 4 4574 0 0 
2672 6 0 0 0 0 6842 4 4576 0 0 
2673 6 0 0 0 0 6845 4 4578 0 0 
2674 6 0 0 0 0 6848 4 4580 0 0 
2675 6 0 0 0 0 6851 4 4582 0 0 
2676 6 0 0 0 0 6854 4 4584 0 0 
2677 6 0 0 0 0 6857 4 4586 0 0 
2678 6 0 0 0 0 6860 4 4588 0 0 
2679 6 0 0 0 0 6863 4 4590 0 0 
2680 6 0 0 0 0 6866 4 4592 0 0 
2681 6 0 0 0 0 6869 4 4594 0 0 
2682 6 0 0 0 0 6872 4 4596 0 0 
2683 6 0 0 0 0 6875 4 4598 0 0 
2684 6 0 0 0 0 6878 4 4600 0 0 
2685 6 0 0 0 0 6881 4 4602 0 0 
2686 6 0 0 0 0 6884 4 4604 0 0 
2687 6 0 0 0 0 6887 4 4606 0 0 
2688 6 0 0 0 0 6890 4 4608 0 0 
2689 6 0 0 0 0 6893 4 4610 0 0 
2690 6 0 0 0 0 6896 4 4612 0 0 
2691 6 0 0 0 0 6899 4 4614 0 0 
2692 6 0 0 0 0 6902 4 4616 0 0 
2693 6 0 0 0 0 6905 4 4618 0 0 
2694 6 0 0 0 0 6908 4 4620 0 0 
2695 6 0 0 0 0 6911 4 4622 0 0 
2696 6 0 0 0 0 6914 4 4624 0 0 
2697 6 0 0 0 0 6917 4 4626 0 0 
2698 6 0 0 0 0 6920 4 4628 0 0 
2699 6 0 0 0 0 6923 4 4630 0 0 
2700 6 0 0 0 0 6926 4 4632 0 0 
2701 6 0 0 0 0 6929 4 4634 0 0 
2702 6 0 0 0 0 6932 4 4636 0 0 
2703 6 0 0 0 0 6935 4 4638 0 0 
2704 6 0 0 0 0 6938 4 4640 0 0 
2705 6 0 0 0 0 6941 4 4642 0 0 
2706 6 0 0 0 0 6944 4 4644 0 0 
2707 6 0 0 0 0 6947 4 4646 0 0 
2708 6 0 0 0 0 6950 4 4648 0 0 
2709 6 0 0 0 0 6953 4 4650 0 0 
2710 6 0 0 0 0 6956 4 4652 0 0 
2711 6 0 0 0 0 6959 4 4654 0 0 
2712 6 0 0 0 0 6962 4 4656 0 0 
2713 6 0 0 0 0 6965 4 4658 0 0 
2714 6 0 0 0 0 6968 4 4660 0 0 
2715 6 0 0 0 0 6971 4 4662 0 0 
2716 6 0 0 0 0 6974 4 4664 0 0 
2717 6 0 0 0 0 6977 4 4666 0 0 
2718 6 0 0 0 0 6980 4 4668 0 0 
2719 6 0 0 0 0 6983 4 4670 0 0 
2720 6 0 0 0 0 6986 4 4672 0 0 
2721 6 0 0 0 0 6989 4 4674 0 0 
2722 6 0 0 0 0 6992 4 4676 0 0 
2723 6 0 0 0 0 6995 4 4678 0 0 
2724 6 0 0 0 0 6998 4 4680 0 0 
2725 6 0 0 0 0 7001 4 4682 0 0 
2726 6 0 0 0 0 7004 4 4684 0 0 
2727 6 0 0 0 0 7007 4 4686 0 0 
2728 6 0 0 0 0 7010 4 4688 0 0 
2729 6 0 0 0 0 7013 4 4690 0 0 
2730 6 0 0 0 0 7016 4 4692 0 0 
2731 6 0 0 0 0 7019 4 4694 0 0 
2732 6 0 0 0 0 7022 4 4696 0 0 
2733 6 0 0 0 0 7025 4 4698 0 0 
2734 6 0 0 0 0 7028 4 4700 0 0 
2735 6 0 0 0 0 7031 4 4702 0 0 
2736 6 0 0 0 0 7034 4 4704 0 0 
2737 6 0 0 0 0 7037 4 4706 0 0 
2738 6 0 0 0 0 7040 4 4708 0 0 
2739 6 0 0 0 0 7043 4 4710 0 0 
2740 6 0 0 0 0 7046 4 4712 0 0 
2741 6 0 0 0 0 7049 4 4714 0 0 
2742 6 0 0 0 0 7052 4 4716 0 0 
2743 6 0 0 0 0 7055 4 4718 0 0 
2744 6 0 0 0 0 7058 4 4720 0 0 
2745 6 0 0 0 0 7061 4 4722 0 0 
2746 6 0 0 0 0 7064 4 4724 0 0 
2747 6 0 0 0 0 7067 4 4726 0 0 
2748 6 0 0 0 0 7070 4 4728 0 0 
2749 6 0 0 0 0 7073 4 4730 0 0 
2750 6 0 0 0 0 7076 4 4732 0 0 
2751 6 0 0 0 0 7079 4 4734 0 0 
2752 6 0 0 0 0 7082 4 4736 0 0 
2753 6 0 0 0 0 7085 4 4738 0 0 
2754 6 0 0 0 0 7088 4 4740 0 0 
2755 6 0 0 0 0 7091 4 4742 0 0 
2756 6 0 0 0 0 7094 4 4744 0 0 
2757 6 0 0 0 0 7097 4 4746 0 0 
2758 6 0 0 0 0 7100 4 4748 0 0 
2759 6 0 0 0 0 7103 4 4750 0 0 
2760 6 0 0 0 0 7106 4 4752 0 0 
2761 6 0 0 0 0 7109 4 4754 0 0 
2762 6 0 0 0 0 7112 4 4756 0 0 
2763 6 0 0 0 0 7115 4 4758 0 0 
2764 6 0 0 0 0 7118 4 4760 0 0 
2765 6 0 0 0 0 7121 4 4762 0 0 
2766 6 0 0 0 0 7124 4 4764 0 0 
2767 6 0 0 0 0 7127 4 4766 0 0 
2768 6 0 0 0 0 7130 4 4768 0 0 
2769 6 0 0 0 0 7133 4 4770 0 0 
2770 6 0 0 0 0 7136 4 4772 0 0 
2771 6 0 0 0 0 7139 4 4774 0 0 
2772 6 0 0 0 0 7142 4 4776 0 0 
2773 6 0 0 0 0 7145 4 4778 0 0 
2774 6 0 0 0 0 7148 4 4780 0 0 
2775 6 0 0 0 0 7151 4 4782 0 0 
2776 6 0 0 0 0 7154 4 4784 0 0 
2777 6 0 0 0 0 7157 4 4786 0 0 
2778 6 0 0 0 0 7160 4 4788 0 0 
2779 6 0 0 0 0 7163 4 4790 0 0 
2780 6 0 0 0 0 7166 4 4792 0 0 
2781 6 0 0 0 0 7169 4 4794 0 0 
2782 6 0 0 0 0 7172 4 4796 0 0 
2783 6 0 0 0 0 7175 4 4798 0 0 
2784 6 0 0 0 0 7178 4 4800 0 0 
2785 6 0 0 0 0 7181 4 4802 0 0 
2786 6 0 0 0 0 7184 4 4804 0 0 
2787 6 0 0 0 0 7187 4 4806 0 0 
2788 6 0 0 0 0 7190 4 4808 0 0 
2789 6 0 0 0 0 7193 4 4810 0 0 
2790 6 0 0 0 0 7196 4 4812 0 0 
2791 6 0 0 0 0 7199 4 4814 0 0 
2792 6 0 0 0 0 7202 4 4816 0 0 
2793 6 0 0 0 0 7205 4 4818 0 0 
2794 6 0 0 0 0 7208 4 4820 0 0 
2795 6 0 0 0 0 7211 4 4822 0 0 
2796 6 0 0 0 0 7214 4 4824 0 0 
2797 6 0 0 0 0 7217 4 4826 0 0 
2798 6 0 0 0 0 7220 4 4828 0 0 
2799 6 0 0 0 0 7223 4 4830 0 0 
2800 6 0 0 0 0 7226 4 4832 0 0 
2801 6 0 0 0 0 7229 4 4834 0 0 
2802 6 0 0 0 0 7232 4 4836 0 0 
2803 6 0 0 0 0 7235 4 4838 0 0 
2804 6 0 0 0 0 7238 4 4840 0 0 
2805 6 0 0 0 0 7241 4 4842 0 0 
2806 6 0 0 0 0 7244 4 4844 0 0 
2807 6 0 0 0 0 7247 4 4846 0 0 
2808 6 0 0 0 0 7250 4 4848 0 0 
2809 6 0 0 0 0 7253 4 4850 0 0 
2810 6 0 0 0 0 7256 4 4852 0 0 
2811 6 0 0 0 0 7259 4 4854 0 0 
2812 6 0 0 0 0 7262 4 4856 0 0 
2813 6 0 0 0 0 7265 4 4858 0 0 
2814 6 0 0 0 0 7268 4 4860 0 0 
2815 6 0 0 0 0 7271 4 4862 0 0 
2816 6 0 0 0 0 7274 4 4864 0 0 
2817 6 0 0 0 0 7277 4 4866 0 0 
2818 6 0 0 0 0 7280 4 4868 0 0 
2819 6 0 0 0 0 7283 4 4870 0 0 
2820 6 0 0 0 0 7286 4 4872 0 0 
2821 6 0 0 0 0 7289 4 4874 0 0 
2822 6 0 0 0 0 7292 4 4876 0 0 
2823 6 0 0 0 0 7295 4 4878 0 0 
2824 6 0 0 0 0 7298 4 4880 0 0 
2825 6 0 0 0 0 7301 4 4882 0 0 
2826 6 0 0 0 0 7304 4 4884 0 0 
2827 6 0 0 0 0 7307 4 4886 0 0 
2828 6 0 0 0 0 7310 4 4888 0 0 
2829 6 0 0 0 0 7313 4 4890 0 0 
2830 6 0 0 0 0 7316 4 4892 0 0 
2831 6 0 0 0 0 7319 4 4894 0 0 
2832 6 0 0 0 0 7322 4 4896 0 0 
2833 6 0 0 0 0 7325 4 4898 0 0 
2834 6 0 0 0 0 7328 4 4900 0 0 
2835 6 0 0 0 0 7331 4 4902 0 0 
2836 6 0 0 0 0 7334 4 4904 0 0 
2837 6 0 0 0 0 7337 4 4906 0 0 
2838 6 0 0 0 0 7340 4 4908 0 0 
2839 6 0 0 0 0 7343 4 4910 0 0 
2840 6 0 0 0 0 7346 4 4912 0 0 
2841 6 0 0 0 0 7349 4 4914 0 0 
2842 6 0 0 0 0 7352 4 4916 0 0 
2843 6 0 0 0 0 7355 4 4918 0 0 
2844 6 0 0 0 0 7358 4 4920 0 0 
2845 6 0 0 0 0 7361 4 4922 0 0 
2846 6 0 0 0 0 7364 4 4924 0 0 
2847 6 0 0 0 0 7367 4 4926 0 0 
2848 6 0 0 0 0 7370 4 4928 0 0 
2849 6 0 0 0 0 7373 4 4930 0 0 
2850 6 0 0 0 0 7376 4 4932 0 0 
2851 6 0 0 0 0 7379 4 4934 0 0 
2852 6 0 0 0 0 7382 4 4936 0 0 
2853 6 0 0 0 0 7385 4 4938 0 0 
2854 6 0 0 0 0 7388 4 4940 0 0 
2855 6 0 0 0 0 7391 4 4942 0 0 
2856 6 0 0 0 0 7394 4 4944 0 0 
2857 6 0 0 0 0 7397 4 4946 0 0 
2858 6 0 0 0 0 7400 4 4948 0 0 
2859 6 0 0 0 0 7403 4 4950 0 0 
2860 6 0 0 0 0 7406 4 4952 0 0 
2861 6 0 0 0 0 7409 4 4954 0 0 
2862 6 0 0 0 0 7412 4 4956 0 0 
2863 6 0 0 0 0 7415 4 4958 0 0 
2864 6 0 0 0 0 7418 4 4960 0 0 
2865 6 0 0 0 0 7421 4 4962 0 0 
2866 6 0 0 0 0 7424 4 4964 0 0 
2867 6 0 0 0 0 7427 4 4966 0 0 
2868 6 0 0 0 0 7430 4 4968 0 0 
2869 6 0 0 0 0 7433 4 4970 0 0 
2870 6 0 0 0 0 7436 4 4972 0 0 
2871 6 0 0 0 0 7439 4 4974 0 0 
2872 6 0 0 0 0 7442 4 4976 0 0 
2873 6 0 0 0 0 7445 4 4978 0 0 
2874 6 0 0 0 0 7448 4 4980 0 0 
2875 6 0 0 0 0 7451 4 4982 0 0 
2876 6 0 0 0 0 7454 4 4984 0 0 
2877 6 0 0 0 0 7457 4 4986 0 0 
2878 6 0 0 0 0 7460 4 4988 0 0 
2879 6 0 0 0 0 7463 4 4990 0 0 
2880 6 0 0 0 0 7466 4 4992 0 0 
2881 6 0 0 0 0 7469 4 4994 0 0 
2882 6 0 0 0 0 7472 4 4996 0 0 
2883 6 0 0 0 0 7475 4 4998 0 0 
2884 6 0 0 0 0 7478 4 5000 0 0 
2885 6 0 0 0 0 7481 4 5002 0 0 
2886 6 0 0 0 0 7484 4 5004 0 0 
2887 6 0 0 0 0 7487 4 5006 0 0 
2888 6 0 0 0 0 7490 4 5008 0 0 
2889 6 0 0 0 0 7493 4 5010 0 0 
2890 6 0 0 0 0 7496 4 5012 0 0 
2891 6 0 0 0 0 7499 4 5014 0 0 
2892 6 0 0 0 0 7502 4 5016 0 0 
2893 6 0 0 0 0 7505 4 5018 0 0 
2894 6 0 0 0 0 7508 4 5020 0 0 
2895 6 0 0 0 0 7511 4 5022 0 0 
2896 6 0 0 0 0 7514 4 5024 0 0 
2897 6 0 0 0 0 7517 4 5026 0 0 
2898 6 0 0 0 0 7520 4 5028 0 0 
2899 6 0 0 0 0 7523 4 5030 0 0 
2900 6 0 0 0 0 7526 4 5032 0 0 
2901 6 0 0 0 0 7529 4 5034 0 0 
2902 6 0 0 0 0 7532 4 5036 0 0 
2903 6 0 0 0 0 7535 4 5038 0 0 
2904 6 0 0 0 0 7538 4 5040 0 0 
2905 6 0 0 0 0 7541 4 5042 0 0 
2906 6 0 0 0 0 7544 4 5044 0 0 
2907 6 0 0 0 0 7547 4 5046 0 0 
2908 6 0 0 0 0 7550 4 5048 0 0 
2909 6 0 0 0 0 7553 4 5050 0 0 
2910 6 0 0 0 0 7556 4 5052 0 0 
2911 6 0 0 0 0 7559 4 5054 0 0 
2912 6 0 0 0 0 7562 4 5056 0 0 
2913 6 0 0 0 0 7565 4 5058 0 0 
2914 6 0 0 0 0 7568 4 5060 0 0 
2915 6 0 0 0 0 7571 4 5062 0 0 
2916 6 0 0 0 0 7574 4 5064 0 0 
2917 6 0 0 0 0 7577 4 5066 0 0 
2918 6 0 0 0 0 7580 4 5068 0 0 
2919 6 0 0 0 0 7583 4 5070 0 0 
2920 6 0 0 0 0 7586 4 5072 0 0 
2921 6 0 0 0 0 7589 4 5074 0 0 
2922 6 0 0 0 0 7592 4 5076 0 0 
2923 6 0 0 0 0 7595 4 5078 0 0 
2924 6 0 0 0 0 7598 4 5080 0 0 
2925 6 0 0 0 0 7601 4 5082 0 0 
2926 6 0 0 0 0 7604 4 5084 0 0 
2927 6 0 0 0 0 7607 4 5086 0 0 
2928 6 0 0 0 0 7610 4 5088 0 0 
2929 6 0 0 0 0 7613 4 5090 0 0 
2930 6 0 0 0 0 7616 4 5092 0 0 
2931 6 0 0 0 0 7619 4 5094 0 0 
2932 6 0 0 0 0 7622 4 5096 0 0 
2933 6 0 0 0 0 7625 4 5098 0 0 
2934 6 0 0 0 0 7628 4 5100 0 0 
2935 6 0 0 0 0 7631 4 5102 0 0 
2936 6 0 0 0 0 7634 4 5104 0 0 
2937 6 0 0 0 0 7637 4 5106 0 0 
2938 6 0 0 0 0 7640 4 5108 0 0 
2939 6 0 0 0 0 7643 4 5110 0 0 
2940 6 0 0 0 0 7646 4 5112 0 0 
2941 6 0 0 0 0 7649 4 5114 0 0 
2942 6 0 0 0 0 7652 4 5116 0 0 
2943 6 0 0 0 0 7655 4 5118 0 0 
2944 6 0 0 0 0 7658 4 5120 0 0 
2945 6 0 0 0 0 7661 4 5122 0 0 
2946 6 0 0 0 0 7664 4 5124 0 0 
2947 6 0 0 0 0 7667 4 5126 0 0 
2948 6 0 0 0 0 7670 4 5128 0 0 
2949 6 0 0 0 0 7673 4 5130 0 0 
2950 6 0 0 0 0 7676 4 5132 0 0 
2951 6 0 0 0 0 7679 4 5134 0 0 
2952 6 0 0 0 0 7682 4 5136 0 0 
2953 6 0 0 0 0 7685 4 5138 0 0 
2954 6 0 0 0 0 7688 4 5140 0 0 
2955 6 0 0 0 0 7691 4 5142 0 0 
2956 6 0 0 0 0 7694 4 5144 0 0 
2957 6 0 0 0 0 7697 4 5146 0 0 
2958 6 0 0 0 0 7700 4 5148 0 0 
2959 6 0 0 0 0 7703 4 5150 0 0 
2960 6 0 0 0 0 7706 4 5152 0 0 
2961 6 0 0 0 0 7709 4 5154 0 0 
2962 6 0 0 0 0 7712 4 5156 0 0 
2963 6 0 0 0 0 7715 4 5158 0 0 
2964 6 0 0 0 0 7718 4 5160 0 0 
2965 6 0 0 0 0 7721 4 5162 0 0 
2966 6 0 0 0 0 7724 4 5164 0 0 
2967 6 0 0 0 0 7727 4 5166 0 0 
2968 6 0 0 0 0 7730 4 5168 0 0 
2969 6 0 0 0 0 7733 4 5170 0 0 
2970 6 0 0 0 0 7736 4 5172 0 0 
2971 6 0 0 0 0 7739 4 5174 0 0 
2972 6 0 0 0 0 7742 4 5176 0 0 
2973 6 0 0 0 0 7745 4 5178 0 0 
2974 6 0 0 0 0 7748 4 5180 0 0 
2975 6 0 0 0 0 7751 4 5182 0 0 
2976 6 0 0 0 0 7754 4 5184 0 0 
2977 6 0 0 0 0 7757 4 5186 0 0 
2978 6 0 0 0 0 7760 4 5188 0 0 
2979 6 0 0 0 0 7763 4 5190 0 0 
2980 6 0 0 0 0 7766 4 5192 0 0 
