0 0 0 0 0 
1 0 0 0 0 
2 0 0 0 0 
3 0 0 0 0 
4 0 0 0 0 
5 0 0 0 0 
6 0 0 0 0 
7 0 0 0 0 
8 0 0 0 0 
9 0 0 0 0 
10 0 0 0 0 
11 0 0 0 0 
12 0 0 0 0 
13 0 0 0 0 
14 0 0 0 0 
15 0 0 0 0 
16 0 0 0 0 
17 0 0 0 0 
18 0 0 0 0 
19 0 0 0 0 
20 0 0 0 0 
21 0 0 0 0 
22 0 0 0 0 
23 0 0 0 0 
24 0 0 0 0 
25 0 0 0 0 
26 0 0 0 0 
27 0 0 0 0 
28 0 0 0 0 
29 0 0 0 0 
30 0 0 0 0 
31 0 0 0 0 
32 0 0 0 0 
33 0 0 0 0 
34 0 0 0 0 
35 0 0 0 0 
36 0 0 0 0 
37 0 0 0 0 
38 0 0 0 0 
39 0 0 0 0 
40 0 0 0 0 
41 0 0 0 0 
42 0 0 0 0 
43 0 0 0 0 
44 0 0 0 0 
45 0 0 0 0 
46 0 0 0 0 
47 0 0 0 0 
48 0 0 0 0 
49 0 0 0 0 
50 0 0 0 0 
51 0 0 0 0 
52 0 0 0 0 
53 0 0 0 0 
54 0 0 0 0 
55 0 0 0 0 
56 0 0 0 0 
57 0 0 0 0 
58 0 0 0 0 
59 0 0 0 0 
60 0 0 0 0 
61 0 0 0 0 
62 0 0 0 0 
63 0 0 0 0 
64 0 0 0 0 
65 0 0 0 0 
66 0 0 0 0 
67 0 0 0 0 
68 0 0 0 0 
69 0 0 0 0 
70 0 0 0 0 
71 0 0 0 0 
72 1 0 0 0 
73 1 0 0 0 
74 1 0 0 0 
75 1 0 0 0 
76 1 0 0 0 
77 1 0 0 0 
78 1 0 0 0 
79 1 0 0 0 
80 1 0 0 0 
81 1 0 0 0 
82 1 0 0 0 
83 1 0 0 0 
84 1 0 0 0 
85 1 0 0 0 
86 1 1 0 1 
87 1 1 0 1 
88 1 1 0 1 
89 1 1 0 1 
90 1 1 0 1 
91 1 1 0 1 
92 1 1 0 1 
93 1 1 0 1 
94 1 1 0 1 
95 1 1 0 1 
96 1 1 0 1 
97 1 1 0 1 
98 1 1 0 1 
99 1 1 0 1 
100 1 1 0 1 
101 1 1 0 1 
102 1 1 0 1 
103 1 1 0 1 
104 1 1 0 1 
105 1 1 0 1 
106 1 1 0 1 
107 1 1 0 1 
108 1 1 0 1 
109 1 1 0 1 
110 1 1 0 1 
111 1 1 0 1 
112 1 1 0 1 
113 1 1 0 1 
114 1 1 0 1 
115 1 1 0 1 
116 1 1 0 1 
117 1 1 0 1 
118 1 1 0 1 
119 1 1 0 1 
120 1 1 0 1 
121 1 1 0 1 
122 1 1 0 1 
123 1 1 0 1 
124 1 1 0 1 
125 1 0 0 0 
126 1 0 0 0 
127 1 0 0 0 
128 1 0 0 0 
129 1 0 0 0 
130 1 0 0 0 
131 1 0 0 0 
132 1 0 0 0 
133 1 0 0 0 
134 1 0 0 0 
135 1 0 0 0 
136 1 0 0 0 
137 1 0 0 0 
138 1 0 0 0 
139 1 0 0 0 
140 1 0 0 0 
141 1 0 0 0 
142 1 0 0 0 
143 1 0 0 0 
144 1 0 0 0 
145 1 0 0 0 
146 1 0 0 0 
147 1 0 0 0 
148 1 0 0 0 
149 2 0 0 0 
150 2 0 0 0 
151 2 0 0 0 
152 2 0 0 0 
153 2 0 0 0 
154 2 0 0 0 
155 2 0 0 0 
156 2 0 0 0 
157 2 0 0 0 
158 2 0 0 0 
159 2 0 0 0 
160 2 0 0 0 
161 2 0 0 0 
162 2 0 0 0 
163 2 0 0 0 
164 2 0 0 0 
165 2 0 0 0 
166 2 0 0 0 
167 2 0 0 0 
168 2 0 0 0 
169 2 0 0 0 
170 2 0 0 0 
171 2 0 0 0 
172 2 0 0 0 
173 2 0 0 0 
174 2 0 0 0 
175 2 0 0 0 
176 2 0 0 0 
177 2 0 0 0 
178 3 0 0 0 
179 3 0 0 0 
180 3 0 0 0 
181 3 0 0 0 
182 3 0 0 0 
183 3 0 0 0 
184 3 0 0 0 
185 3 0 0 0 
186 3 0 0 0 
187 3 0 0 0 
188 3 0 0 0 
189 3 0 0 0 
190 3 0 0 0 
191 3 0 0 0 
192 3 0 1 0 
193 3 0 1 1 
194 3 0 1 1 
195 3 0 1 1 
196 3 0 1 1 
197 3 0 1 1 
198 3 0 1 1 
199 3 0 1 1 
200 3 0 1 1 
201 3 0 1 1 
202 3 0 1 1 
203 3 0 1 1 
204 3 0 1 1 
205 3 0 1 1 
206 3 0 1 1 
207 3 0 1 1 
208 3 0 1 1 
209 3 0 1 1 
210 3 0 1 1 
211 3 0 1 1 
212 3 0 1 1 
213 3 0 1 1 
214 3 0 1 1 
215 3 0 1 1 
216 3 0 1 1 
217 3 0 1 1 
218 3 0 1 1 
219 3 0 1 1 
220 3 0 1 1 
221 3 0 1 1 
222 3 0 1 1 
223 3 0 1 1 
224 3 0 1 1 
225 3 0 1 1 
226 3 0 1 1 
227 3 0 1 1 
228 3 0 1 1 
229 3 0 1 1 
230 3 0 1 1 
231 3 0 0 0 
232 3 0 0 0 
233 3 0 0 0 
234 3 0 0 0 
235 3 0 0 0 
236 3 0 0 0 
237 3 0 0 0 
238 3 0 0 0 
239 3 0 0 0 
240 3 0 0 0 
241 3 0 0 0 
242 3 0 0 0 
243 3 0 0 0 
244 3 0 0 0 
245 3 0 0 0 
246 3 0 0 0 
247 3 0 0 0 
248 3 0 0 0 
249 3 0 0 0 
250 3 0 0 0 
251 3 0 0 0 
252 3 0 0 0 
253 3 0 0 0 
254 3 0 0 0 
255 3 0 0 0 
256 4 0 0 0 
257 4 0 0 0 
258 4 0 0 0 
259 4 0 0 0 
260 4 0 0 0 
261 4 0 0 0 
262 4 0 0 0 
263 4 0 0 0 
264 4 0 0 0 
265 4 0 0 0 
266 4 0 0 0 
267 4 0 0 0 
268 4 0 0 0 
269 4 0 0 0 
270 4 0 0 0 
271 4 0 0 0 
272 4 0 0 0 
273 4 0 0 0 
274 4 0 0 0 
275 4 0 0 0 
276 4 0 0 0 
277 4 0 0 0 
278 4 0 0 0 
279 4 0 0 0 
280 4 0 0 0 
281 4 0 0 0 
282 4 0 0 0 
283 4 0 0 0 
284 4 0 0 0 
