1.000000 0.010000 0.010000 1.000000 1.000000 0 0.000000 0.000000 0 0 
2.000000 0.020000 0.020000 2.000000 2.000000 0 0.000000 0.000000 0 0 
3.000000 0.030000 0.030000 3.000000 3.000000 0 0.000000 0.000000 0 0 
4.000000 0.040000 0.040000 4.000000 4.000000 0 0.000000 0.000000 0 0 
5.000000 0.050000 0.050000 5.000000 5.000000 0 0.000000 0.000000 0 0 
6.000000 0.060000 0.060000 6.000000 6.000000 0 0.000000 0.000000 0 0 
7.000000 0.070000 0.070000 7.000000 7.000000 0 0.000000 0.000000 0 0 
8.000000 0.080000 0.080000 8.000000 8.000000 0 0.000000 0.000000 0 0 
9.000000 0.090000 0.090000 9.000000 9.000000 0 0.000000 0.000000 0 0 
10.000000 0.100000 0.100000 10.000000 10.000000 0 0.000000 0.000000 0 0 
11.000000 0.110000 0.110000 11.000000 11.000000 0 0.000000 0.000000 0 0 
12.000000 0.120000 0.120000 12.000000 12.000000 0 0.000000 0.000000 0 0 
13.000000 0.130000 0.130000 13.000000 13.000000 0 0.000000 0.000000 0 0 
14.000000 0.140000 0.140000 14.000000 14.000000 0 0.000000 0.000000 0 0 
15.000000 0.150000 0.150000 15.000000 15.000000 0 0.000000 0.000000 0 0 
16.000000 0.160000 0.160000 16.000000 16.000000 0 0.000000 0.000000 0 0 
17.000000 0.170000 0.170000 17.000000 17.000000 0 0.000000 0.000000 0 0 
18.000000 0.180000 0.180000 18.000000 18.000000 0 0.000000 0.000000 0 0 
19.000000 0.190000 0.190000 19.000000 19.000000 0 0.000000 0.000000 0 0 
20.000000 0.200000 0.200000 20.000000 20.000000 0 0.000000 0.000000 0 0 
21.000000 0.210000 0.210000 21.000000 21.000000 0 0.000000 0.000000 0 0 
22.000000 0.220000 0.220000 22.000000 22.000000 0 0.000000 0.000000 0 0 
23.000000 0.230000 0.230000 23.000000 23.000000 0 0.000000 0.000000 0 0 
24.000000 0.240000 0.240000 24.000000 24.000000 0 0.000000 0.000000 0 0 
25.000000 0.250000 0.250000 25.000000 25.000000 0 0.000000 0.000000 0 0 
26.000000 0.260000 0.260000 26.000000 26.000000 0 0.000000 0.000000 0 0 
27.000000 0.270000 0.270000 27.000000 27.000000 0 0.000000 0.000000 0 0 
28.000000 0.280000 0.280000 28.000000 28.000000 0 0.000000 0.000000 0 0 
29.000000 0.290000 0.290000 29.000000 29.000000 0 0.000000 0.000000 0 0 
30.000000 0.300000 0.300000 30.000000 30.000000 0 0.000000 0.000000 0 0 
31.000000 0.310000 0.310000 31.000000 31.000000 0 0.000000 0.000000 0 0 
32.000000 0.320000 0.320000 32.000000 32.000000 0 0.000000 0.000000 0 0 
33.000000 0.330000 0.330000 33.000000 33.000000 0 0.000000 0.000000 0 0 
34.000000 0.340000 0.340000 34.000000 34.000000 0 0.000000 0.000000 0 0 
35.000000 0.350000 0.350000 35.000000 35.000000 0 0.000000 0.000000 0 0 
36.000000 0.360000 0.360000 36.000000 36.000000 0 0.000000 0.000000 0 0 
37.000000 0.370000 0.370000 37.000000 37.000000 0 0.000000 0.000000 0 0 
38.000000 0.380000 0.380000 38.000000 38.000000 0 0.000000 0.000000 0 0 
39.000000 0.390000 0.390000 39.000000 39.000000 0 0.000000 0.000000 0 0 
40.000000 0.400000 0.400000 40.000000 40.000000 0 0.000000 0.000000 0 0 
41.000000 0.410000 0.410000 41.000000 41.000000 0 0.000000 0.000000 0 0 
42.000000 0.420000 0.420000 42.000000 42.000000 0 0.000000 0.000000 0 0 
43.000000 0.430000 0.430000 43.000000 43.000000 0 0.000000 0.000000 0 0 
44.000000 0.440000 0.440000 44.000000 44.000000 0 0.000000 0.000000 0 0 
45.000000 0.450000 0.450000 45.000000 45.000000 0 0.000000 0.000000 0 0 
46.000000 0.460000 0.460000 46.000000 46.000000 0 0.000000 0.000000 0 0 
47.000000 0.470000 0.470000 47.000000 47.000000 0 0.000000 0.000000 0 0 
48.000000 0.480000 0.480000 48.000000 48.000000 0 0.000000 0.000000 0 0 
49.000000 0.490000 0.490000 49.000000 49.000000 0 0.000000 0.000000 0 0 
50.000000 0.500000 0.490000 50.000000 49.000000 1 0.010000 1.000000 0 1 
51.000000 0.510000 0.490000 51.000000 49.000000 1 0.020000 2.000000 0 1 
52.000000 0.520000 0.490000 52.000000 49.000000 1 0.030000 3.000000 0 1 
53.000000 0.530000 0.490000 53.000000 49.000000 1 0.040000 4.000000 0 1 
54.000000 0.540000 0.490000 54.000000 49.000000 1 0.050000 5.000000 1 1 
55.000000 0.550000 0.490000 55.000000 49.000000 1 0.060000 6.000000 1 1 
56.000000 0.560000 0.490000 56.000000 49.000000 1 0.070000 7.000000 1 1 
57.000000 0.570000 0.490000 57.000000 49.000000 1 0.080000 8.000000 1 1 
58.000000 0.580000 0.490000 58.000000 49.000000 1 0.090000 9.000000 1 1 
59.000000 0.590000 0.490000 59.000000 49.000000 1 0.100000 10.000000 1 1 
60.000000 0.600000 0.490000 60.000000 49.000000 1 0.110000 11.000000 1 1 
61.000000 0.610000 0.490000 61.000000 49.000000 1 0.120000 12.000000 1 1 
62.000000 0.620000 0.490000 62.000000 49.000000 1 0.130000 13.000000 1 1 
63.000000 0.630000 0.490000 63.000000 49.000000 1 0.140000 14.000000 1 1 
64.000000 0.640000 0.490000 64.000000 49.000000 1 0.150000 15.000000 1 1 
65.000000 0.650000 0.490000 65.000000 49.000000 1 0.160000 16.000000 1 1 
66.000000 0.660000 0.490000 66.000000 49.000000 1 0.170000 17.000000 1 1 
67.000000 0.670000 0.490000 67.000000 49.000000 1 0.180000 18.000000 1 1 
68.000000 0.680000 0.490000 68.000000 49.000000 1 0.190000 19.000000 1 1 
69.000000 0.690000 0.490000 69.000000 49.000000 1 0.200000 20.000000 1 1 
70.000000 0.700000 0.490000 70.000000 49.000000 1 0.210000 21.000000 1 1 
71.000000 0.710000 0.490000 71.000000 49.000000 1 0.220000 22.000000 1 1 
72.000000 0.720000 0.490000 72.000000 49.000000 1 0.230000 23.000000 1 1 
73.000000 0.730000 0.490000 73.000000 49.000000 1 0.240000 24.000000 1 1 
74.000000 0.740000 0.490000 74.000000 49.000000 1 0.250000 25.000000 1 1 
75.000000 0.750000 0.490000 75.000000 49.000000 1 0.260000 26.000000 1 1 
76.000000 0.760000 0.490000 76.000000 49.000000 1 0.270000 27.000000 1 1 
77.000000 0.770000 0.490000 77.000000 49.000000 1 0.280000 28.000000 1 1 
78.000000 0.780000 0.490000 78.000000 49.000000 1 0.290000 29.000000 1 1 
79.000000 0.790000 0.490000 79.000000 49.000000 1 0.300000 30.000000 1 1 
80.000000 0.800000 0.800000 80.000000 80.000000 0 0.000000 0.000000 0 0 
81.000000 0.810000 0.810000 81.000000 81.000000 0 0.000000 0.000000 0 0 
82.000000 0.820000 0.820000 82.000000 82.000000 0 0.000000 0.000000 0 0 
83.000000 0.830000 0.830000 83.000000 83.000000 0 0.000000 0.000000 0 0 
84.000000 0.840000 0.840000 84.000000 84.000000 0 0.000000 0.000000 0 0 
85.000000 0.850000 0.850000 85.000000 85.000000 0 0.000000 0.000000 0 0 
86.000000 0.860000 0.860000 86.000000 86.000000 0 0.000000 0.000000 0 0 
87.000000 0.870000 0.870000 87.000000 87.000000 0 0.000000 0.000000 0 0 
88.000000 0.880000 0.880000 88.000000 88.000000 0 0.000000 0.000000 0 0 
89.000000 0.890000 0.890000 89.000000 89.000000 0 0.000000 0.000000 0 0 
90.000000 0.900000 0.900000 90.000000 90.000000 0 0.000000 0.000000 0 0 
91.000000 0.910000 0.910000 91.000000 91.000000 0 0.000000 0.000000 0 0 
92.000000 0.920000 0.920000 92.000000 92.000000 0 0.000000 0.000000 0 0 
93.000000 0.930000 0.930000 93.000000 93.000000 0 0.000000 0.000000 0 0 
94.000000 0.940000 0.940000 94.000000 94.000000 0 0.000000 0.000000 0 0 
95.000000 0.950000 0.950000 95.000000 95.000000 0 0.000000 0.000000 0 0 
96.000000 0.960000 0.960000 96.000000 96.000000 0 0.000000 0.000000 0 0 
97.000000 0.970000 0.970000 97.000000 97.000000 0 0.000000 0.000000 0 0 
98.000000 0.980000 0.980000 98.000000 98.000000 0 0.000000 0.000000 0 0 
99.000000 0.990000 0.990000 99.000000 99.000000 0 0.000000 0.000000 0 0 
100.000000 1.000000 6.000000 100.000000 100.000000 2 5.000000 0.000000 1 0 
101.000000 1.010000 1.010000 101.000000 101.000000 0 0.000000 0.000000 0 0 
102.000000 1.020000 1.020000 102.000000 102.000000 0 0.000000 0.000000 0 0 
103.000000 1.030000 1.030000 103.000000 103.000000 0 0.000000 0.000000 0 0 
104.000000 1.040000 1.040000 104.000000 104.000000 0 0.000000 0.000000 0 0 
105.000000 1.050000 1.050000 105.000000 105.000000 0 0.000000 0.000000 0 0 
106.000000 1.060000 1.060000 106.000000 106.000000 0 0.000000 0.000000 0 0 
107.000000 1.070000 1.070000 107.000000 107.000000 0 0.000000 0.000000 0 0 
108.000000 1.080000 1.080000 108.000000 108.000000 0 0.000000 0.000000 0 0 
109.000000 1.090000 1.090000 109.000000 109.000000 0 0.000000 0.000000 0 0 
110.000000 1.100000 1.100000 110.000000 110.000000 0 0.000000 0.000000 0 0 
111.000000 1.110000 1.110000 111.000000 111.000000 0 0.000000 0.000000 0 0 
112.000000 1.120000 1.120000 112.000000 112.000000 0 0.000000 0.000000 0 0 
113.000000 1.130000 1.130000 113.000000 113.000000 0 0.000000 0.000000 0 0 
114.000000 1.140000 1.140000 114.000000 114.000000 0 0.000000 0.000000 0 0 
115.000000 1.150000 1.150000 115.000000 115.000000 0 0.000000 0.000000 0 0 
116.000000 1.160000 1.160000 116.000000 116.000000 0 0.000000 0.000000 0 0 
117.000000 1.170000 1.170000 117.000000 117.000000 0 0.000000 0.000000 0 0 
118.000000 1.180000 1.180000 118.000000 118.000000 0 0.000000 0.000000 0 0 
119.000000 1.190000 1.190000 119.000000 119.000000 0 0.000000 0.000000 0 0 
120.000000 1.200000 1.200000 120.000000 120.000000 0 0.000000 0.000000 0 0 
121.000000 1.210000 1.210000 121.000000 121.000000 0 0.000000 0.000000 0 0 
122.000000 1.220000 1.220000 122.000000 122.000000 0 0.000000 0.000000 0 0 
123.000000 1.230000 1.230000 123.000000 123.000000 0 0.000000 0.000000 0 0 
124.000000 1.240000 1.240000 124.000000 124.000000 0 0.000000 0.000000 0 0 
125.000000 1.250000 1.250000 125.000000 125.000000 0 0.000000 0.000000 0 0 
126.000000 1.260000 1.260000 126.000000 126.000000 0 0.000000 0.000000 0 0 
127.000000 1.270000 1.270000 127.000000 127.000000 0 0.000000 0.000000 0 0 
128.000000 1.280000 1.280000 128.000000 128.000000 0 0.000000 0.000000 0 0 
129.000000 1.290000 1.290000 129.000000 129.000000 0 0.000000 0.000000 0 0 
130.000000 1.300000 1.290000 130.000000 129.000000 3 0.010000 1.000000 0 1 
131.000000 1.310000 1.300000 131.000000 130.000000 3 0.010000 1.000000 0 1 
132.000000 1.320000 1.310000 132.000000 131.000000 3 0.010000 1.000000 0 1 
133.000000 1.330000 1.320000 133.000000 132.000000 3 0.010000 1.000000 0 1 
134.000000 1.340000 1.330000 134.000000 133.000000 3 0.010000 1.000000 0 1 
135.000000 1.350000 1.340000 135.000000 134.000000 3 0.010000 1.000000 0 1 
136.000000 1.360000 1.350000 136.000000 135.000000 3 0.010000 1.000000 0 1 
137.000000 1.370000 1.360000 137.000000 136.000000 3 0.010000 1.000000 0 1 
138.000000 1.380000 1.370000 138.000000 137.000000 3 0.010000 1.000000 0 1 
139.000000 1.390000 1.380000 139.000000 138.000000 3 0.010000 1.000000 0 1 
140.000000 1.400000 1.400000 140.000000 140.000000 0 0.000000 0.000000 0 0 
141.000000 1.410000 1.410000 141.000000 141.000000 0 0.000000 0.000000 0 0 
142.000000 1.420000 1.420000 142.000000 142.000000 0 0.000000 0.000000 0 0 
143.000000 1.430000 1.430000 143.000000 143.000000 0 0.000000 0.000000 0 0 
144.000000 1.440000 1.440000 144.000000 144.000000 0 0.000000 0.000000 0 0 
145.000000 1.450000 1.450000 145.000000 145.000000 0 0.000000 0.000000 0 0 
146.000000 1.460000 1.460000 146.000000 146.000000 0 0.000000 0.000000 0 0 
147.000000 1.470000 1.470000 147.000000 147.000000 0 0.000000 0.000000 0 0 
148.000000 1.480000 1.480000 148.000000 148.000000 0 0.000000 0.000000 0 0 
149.000000 1.490000 1.490000 149.000000 149.000000 0 0.000000 0.000000 0 0 
150.000000 1.500000 1.500000 150.000000 150.000000 0 0.000000 0.000000 0 0 
151.000000 1.510000 1.510000 151.000000 151.000000 0 0.000000 0.000000 0 0 
152.000000 1.520000 1.520000 152.000000 152.000000 0 0.000000 0.000000 0 0 
153.000000 1.530000 1.530000 153.000000 153.000000 0 0.000000 0.000000 0 0 
154.000000 1.540000 1.540000 154.000000 154.000000 0 0.000000 0.000000 0 0 
155.000000 1.550000 1.550000 155.000000 155.000000 0 0.000000 0.000000 0 0 
156.000000 1.560000 1.560000 156.000000 156.000000 0 0.000000 0.000000 0 0 
157.000000 1.570000 1.570000 157.000000 157.000000 0 0.000000 0.000000 0 0 
158.000000 1.580000 1.580000 158.000000 158.000000 0 0.000000 0.000000 0 0 
159.000000 1.590000 1.590000 159.000000 159.000000 0 0.000000 0.000000 0 0 
160.000000 1.600000 1.600000 160.000000 160.000000 0 0.000000 0.000000 0 0 
161.000000 1.610000 1.610000 161.000000 161.000000 0 0.000000 0.000000 0 0 
162.000000 1.620000 1.620000 162.000000 162.000000 0 0.000000 0.000000 0 0 
163.000000 1.630000 1.630000 163.000000 163.000000 0 0.000000 0.000000 0 0 
164.000000 1.640000 1.640000 164.000000 164.000000 0 0.000000 0.000000 0 0 
165.000000 1.650000 1.650000 165.000000 165.000000 0 0.000000 0.000000 0 0 
166.000000 1.660000 1.660000 166.000000 166.000000 0 0.000000 0.000000 0 0 
167.000000 1.670000 1.670000 167.000000 167.000000 0 0.000000 0.000000 0 0 
168.000000 1.680000 1.680000 168.000000 168.000000 0 0.000000 0.000000 0 0 
169.000000 1.690000 1.690000 169.000000 169.000000 0 0.000000 0.000000 0 0 
170.000000 1.700000 1.700000 170.000000 170.000000 0 0.000000 0.000000 0 0 
